0	0.0009871
1	0.0012903
2	0.0015936
3	0.0018968
4	0.0022
5	0.0025032
6	0.0028065
7	0.0031097
8	0.0034129
9	0.0037161
10	0.0040194
11	0.0043303
12	0.00466
13	0.0050078
14	0.0053742
15	0.0057593
16	0.0061635
17	0.006587
18	0.00703
19	0.0074928
20	0.0079756
21	0.0084787
22	0.0090024
23	0.0095468
24	0.010112
25	0.010699
26	0.011307
27	0.011936
28	0.012588
29	0.013261
30	0.013957
31	0.014676
32	0.015417
33	0.016181
34	0.016968
35	0.017778
36	0.018612
37	0.019469
38	0.02035
39	0.021256
40	0.022185
41	0.023139
42	0.024118
43	0.025121
44	0.026149
45	0.027202
46	0.028281
47	0.029385
48	0.030515
49	0.03167
50	0.032852
51	0.034059
52	0.035293
53	0.036553
54	0.03784
55	0.039154
56	0.040494
57	0.041862
58	0.043257
59	0.044679
60	0.046129
61	0.047606
62	0.049111
63	0.050645
64	0.052206
65	0.053796
66	0.055414
67	0.05706
68	0.058735
69	0.06044
70	0.062173
71	0.063935
72	0.065726
73	0.067547
74	0.069398
75	0.071278
76	0.073188
77	0.075127
78	0.077097
79	0.079097
80	0.081128
81	0.083189
82	0.08528
83	0.087402
84	0.089555
85	0.091739
86	0.093954
87	0.0962
88	0.098478
89	0.10079
90	0.10313
91	0.1055
92	0.1079
93	0.11034
94	0.11281
95	0.11531
96	0.11784
97	0.12041
98	0.12301
99	0.12564
100	0.1283
101	0.131
102	0.13372
103	0.13649
104	0.13928
105	0.14211
106	0.14497
107	0.14787
108	0.1508
109	0.15376
110	0.15676
111	0.15979
112	0.16286
113	0.16596
114	0.16909
115	0.17226
116	0.17546
117	0.1787
118	0.18197
119	0.18528
120	0.18862
121	0.192
122	0.19541
123	0.19886
124	0.20234
125	0.20586
126	0.20942
127	0.21301
128	0.21663
129	0.2203
130	0.22399
131	0.22773
132	0.2315
133	0.23531
134	0.23915
135	0.24303
136	0.24695
137	0.2509
138	0.25489
139	0.25892
140	0.26298
141	0.26708
142	0.27122
143	0.27539
144	0.27961
145	0.28386
146	0.28814
147	0.29247
148	0.29683
149	0.30123
150	0.30567
151	0.31015
152	0.31467
153	0.31922
154	0.32381
155	0.32844
156	0.33311
157	0.33782
158	0.34256
159	0.34735
160	0.35217
161	0.35704
162	0.36194
163	0.36688
164	0.37186
165	0.37688
166	0.38194
167	0.38704
168	0.39217
169	0.39735
170	0.40257
171	0.40783
172	0.41312
173	0.41846
174	0.42384
175	0.42925
176	0.43471
177	0.44021
178	0.44575
179	0.45133
180	0.45695
181	0.46261
182	0.46831
183	0.47405
184	0.47983
185	0.48566
186	0.49152
187	0.49743
188	0.50338
189	0.50937
190	0.5154
191	0.52147
192	0.52758
193	0.53374
194	0.53993
195	0.54617
196	0.55245
197	0.55878
198	0.56514
199	0.57155
200	0.578
201	0.58449
202	0.59102
203	0.5976
204	0.60422
205	0.61088
206	0.61758
207	0.62433
208	0.63112
209	0.63795
210	0.64483
211	0.65175
212	0.65871
213	0.66572
214	0.67277
215	0.67986
216	0.68699
217	0.69417
218	0.7014
219	0.70866
220	0.71597
221	0.72333
222	0.73073
223	0.73817
224	0.74566
225	0.75319
226	0.76076
227	0.76838
228	0.77604
229	0.78375
230	0.7915
231	0.7993
232	0.80714
233	0.81503
234	0.82296
235	0.83094
236	0.83896
237	0.84702
238	0.85514
239	0.86329
240	0.87149
241	0.87974
242	0.88803
243	0.89637
244	0.90476
245	0.91318
246	0.92166
247	0.93018
248	0.93875
249	0.94736
250	0.95602
251	0.96472
252	0.97347
253	0.98227
254	0.99111
255	1
