0	0.1576
1	0.20601
2	0.25443
3	0.30284
4	0.35125
5	0.39967
6	0.44808
7	0.49649
8	0.54491
9	0.59332
10	0.64173
11	0.69138
12	0.74401
13	0.79955
14	0.85805
15	0.91954
16	0.98406
17	1.0517
18	1.1224
19	1.1963
20	1.2734
21	1.3537
22	1.4373
23	1.5242
24	1.6145
25	1.7082
26	1.8052
27	1.9058
28	2.0098
29	2.1173
30	2.2284
31	2.3431
32	2.4614
33	2.5834
34	2.709
35	2.8384
36	2.9715
37	3.1084
38	3.2491
39	3.3937
40	3.5421
41	3.6944
42	3.8506
43	4.0108
44	4.175
45	4.3431
46	4.5153
47	4.6916
48	4.872
49	5.0565
50	5.2451
51	5.4379
52	5.6349
53	5.8361
54	6.0416
55	6.2513
56	6.4653
57	6.6837
58	6.9064
59	7.1334
60	7.3649
61	7.6008
62	7.8411
63	8.0859
64	8.3352
65	8.589
66	8.8473
67	9.1102
68	9.3777
69	9.6498
70	9.9265
71	10.208
72	10.494
73	10.785
74	11.08
75	11.38
76	11.685
77	11.995
78	12.309
79	12.629
80	12.953
81	13.282
82	13.616
83	13.955
84	14.298
85	14.647
86	15.001
87	15.359
88	15.723
89	16.092
90	16.465
91	16.844
92	17.228
93	17.617
94	18.011
95	18.41
96	18.815
97	19.224
98	19.639
99	20.059
100	20.484
101	20.915
102	21.35
103	21.791
104	22.238
105	22.689
106	23.146
107	23.609
108	24.077
109	24.55
110	25.028
111	25.512
112	26.002
113	26.497
114	26.997
115	27.503
116	28.014
117	28.531
118	29.054
119	29.582
120	30.115
121	30.655
122	31.2
123	31.75
124	32.306
125	32.868
126	33.436
127	34.009
128	34.588
129	35.173
130	35.763
131	36.359
132	36.961
133	37.569
134	38.183
135	38.802
136	39.427
137	40.058
138	40.695
139	41.338
140	41.987
141	42.642
142	43.303
143	43.969
144	44.642
145	45.321
146	46.005
147	46.696
148	47.392
149	48.095
150	48.804
151	49.519
152	50.24
153	50.967
154	51.7
155	52.439
156	53.184
157	53.936
158	54.694
159	55.458
160	56.228
161	57.004
162	57.787
163	58.576
164	59.371
165	60.172
166	60.98
167	61.794
168	62.614
169	63.441
170	64.274
171	65.113
172	65.959
173	66.811
174	67.67
175	68.535
176	69.406
177	70.284
178	71.168
179	72.059
180	72.956
181	73.86
182	74.77
183	75.687
184	76.61
185	77.54
186	78.477
187	79.42
188	80.369
189	81.325
190	82.288
191	83.258
192	84.234
193	85.216
194	86.206
195	87.202
196	88.205
197	89.214
198	90.23
199	91.253
200	92.283
201	93.32
202	94.363
203	95.413
204	96.47
205	97.533
206	98.604
207	99.681
208	100.76
209	101.86
210	102.95
211	104.06
212	105.17
213	106.29
214	107.41
215	108.55
216	109.69
217	110.83
218	111.99
219	113.15
220	114.31
221	115.49
222	116.67
223	117.86
224	119.05
225	120.25
226	121.46
227	122.68
228	123.9
229	125.13
230	126.37
231	127.62
232	128.87
233	130.13
234	131.39
235	132.67
236	133.95
237	135.24
238	136.53
239	137.83
240	139.14
241	140.46
242	141.78
243	143.11
244	144.45
245	145.8
246	147.15
247	148.51
248	149.88
249	151.26
250	152.64
251	154.03
252	155.42
253	156.83
254	158.24
255	159.66
