0	0
1	2.0062e-05
2	3.9498e-05
3	5.7052e-05
4	8.0877e-05
5	0.0001116
6	0.00015611
7	0.0002163
8	0.00029404
9	0.00039122
10	0.00050971
11	0.00064952
12	0.00081503
13	0.0010106
14	0.001242
15	0.0015197
16	0.0017667
17	0.0020263
18	0.0022909
19	0.0025611
20	0.0028413
21	0.0031423
22	0.0034727
23	0.0038401
24	0.0042476
25	0.0046933
26	0.0051723
27	0.0056657
28	0.0061773
29	0.0066896
30	0.0072569
31	0.0078607
32	0.0085278
33	0.0092206
34	0.0099252
35	0.010658
36	0.011417
37	0.012185
38	0.012994
39	0.013825
40	0.014661
41	0.015548
42	0.016504
43	0.017488
44	0.018535
45	0.019601
46	0.02074
47	0.02182
48	0.023104
49	0.024307
50	0.025539
51	0.026783
52	0.028173
53	0.029564
54	0.031132
55	0.032544
56	0.034012
57	0.035594
58	0.037127
59	0.038783
60	0.040513
61	0.04218
62	0.04394
63	0.045904
64	0.047591
65	0.049966
66	0.051794
67	0.053963
68	0.056183
69	0.058108
70	0.060649
71	0.062127
72	0.064854
73	0.06666
74	0.069387
75	0.071469
76	0.075011
77	0.076541
78	0.0797
79	0.082252
80	0.085631
81	0.087349
82	0.090697
83	0.093901
84	0.096791
85	0.098891
86	0.10131
87	0.10375
88	0.10761
89	0.11094
90	0.11522
91	0.11839
92	0.1212
93	0.12351
94	0.1267
95	0.1306
96	0.13198
97	0.13682
98	0.14037
99	0.14262
100	0.14424
101	0.1464
102	0.14976
103	0.15801
104	0.15957
105	0.16125
106	0.16557
107	0.16956
108	0.173
109	0.17656
110	0.17998
111	0.18357
112	0.18708
113	0.19037
114	0.19385
115	0.19742
116	0.20079
117	0.20424
118	0.20783
119	0.21144
120	0.21492
121	0.21851
122	0.22201
123	0.22569
124	0.2289
125	0.23255
126	0.2368
127	0.24068
128	0.24505
129	0.2495
130	0.25376
131	0.25834
132	0.26231
133	0.26689
134	0.27129
135	0.27563
136	0.27942
137	0.28438
138	0.28848
139	0.29343
140	0.29784
141	0.30256
142	0.30675
143	0.31139
144	0.31632
145	0.32108
146	0.32589
147	0.33004
148	0.33556
149	0.34014
150	0.34526
151	0.35051
152	0.35472
153	0.36022
154	0.36562
155	0.37083
156	0.37526
157	0.38092
158	0.38613
159	0.39218
160	0.39745
161	0.40253
162	0.40694
163	0.41254
164	0.41731
165	0.42307
166	0.4296
167	0.43448
168	0.4401
169	0.44536
170	0.45087
171	0.45661
172	0.46137
173	0.4678
174	0.47267
175	0.47872
176	0.48386
177	0.48997
178	0.49435
179	0.50143
180	0.50601
181	0.51144
182	0.51672
183	0.52255
184	0.52775
185	0.53403
186	0.54015
187	0.54653
188	0.5523
189	0.5573
190	0.5614
191	0.56821
192	0.57517
193	0.57944
194	0.58578
195	0.59254
196	0.59952
197	0.60652
198	0.61144
199	0.6202
200	0.62569
201	0.63436
202	0.64001
203	0.6474
204	0.65392
205	0.66195
206	0.66784
207	0.67505
208	0.67938
209	0.68634
210	0.69173
211	0.70301
212	0.7064
213	0.71192
214	0.71938
215	0.72684
216	0.73656
217	0.74195
218	0.74903
219	0.75449
220	0.76464
221	0.76947
222	0.77762
223	0.78126
224	0.79192
225	0.80339
226	0.80884
227	0.81586
228	0.82489
229	0.83405
230	0.84232
231	0.84621
232	0.86057
233	0.8684
234	0.87618
235	0.88144
236	0.89267
237	0.89887
238	0.90414
239	0.91712
240	0.92132
241	0.92834
242	0.93179
243	0.94288
244	0.94477
245	0.95668
246	0.95937
247	0.96546
248	0.97141
249	0.97925
250	0.98458
251	0.98558
252	0.99141
253	0.99398
254	1
255	0.99806
