0	0.0009871
1	0.0009871
2	0.0009871
3	0.0009871
4	0.0009871
5	0.0009871
6	0.0009871
7	0.0009871
8	0.0009871
9	0.0009871
10	0.0009871
11	0.0009871
12	0.0009871
13	0.0055719
14	0.010911
15	0.016601
16	0.021171
17	0.025587
18	0.02976
19	0.033742
20	0.037619
21	0.041543
22	0.045605
23	0.049865
24	0.054322
25	0.058919
26	0.063583
27	0.068132
28	0.072609
29	0.076881
30	0.081395
31	0.085978
32	0.090809
33	0.095598
34	0.10026
35	0.1049
36	0.10952
37	0.11402
38	0.11858
39	0.12309
40	0.12748
41	0.13198
42	0.13666
43	0.14131
44	0.1461
45	0.15081
46	0.15569
47	0.16017
48	0.16533
49	0.17002
50	0.17469
51	0.17926
52	0.18423
53	0.18906
54	0.19435
55	0.19898
56	0.20368
57	0.2086
58	0.21326
59	0.21816
60	0.22315
61	0.22785
62	0.23269
63	0.23796
64	0.24238
65	0.24846
66	0.25302
67	0.25831
68	0.2636
69	0.26809
70	0.27389
71	0.27719
72	0.28317
73	0.28705
74	0.2928
75	0.29709
76	0.30424
77	0.30727
78	0.31341
79	0.31826
80	0.32456
81	0.32771
82	0.33373
83	0.33938
84	0.34438
85	0.34796
86	0.35203
87	0.35607
88	0.36237
89	0.36769
90	0.37439
91	0.37926
92	0.38351
93	0.38697
94	0.39167
95	0.39734
96	0.39932
97	0.40618
98	0.41111
99	0.41421
100	0.41642
101	0.41934
102	0.42384
103	0.43462
104	0.43663
105	0.43878
106	0.44424
107	0.44921
108	0.45343
109	0.45776
110	0.46187
111	0.46612
112	0.47024
113	0.47407
114	0.47807
115	0.48213
116	0.48592
117	0.48977
118	0.49373
119	0.49768
120	0.50144
121	0.50529
122	0.509
123	0.51287
124	0.51621
125	0.51999
126	0.52434
127	0.52827
128	0.53264
129	0.53707
130	0.54125
131	0.5457
132	0.54952
133	0.55389
134	0.55805
135	0.5621
136	0.56562
137	0.57018
138	0.57392
139	0.57838
140	0.58232
141	0.58651
142	0.59019
143	0.59423
144	0.59848
145	0.60255
146	0.60664
147	0.61013
148	0.61474
149	0.61852
150	0.62272
151	0.62699
152	0.63039
153	0.63479
154	0.63907
155	0.64317
156	0.64663
157	0.65102
158	0.65502
159	0.65962
160	0.6636
161	0.66741
162	0.67069
163	0.67483
164	0.67833
165	0.68253
166	0.68724
167	0.69073
168	0.69474
169	0.69845
170	0.70232
171	0.70631
172	0.7096
173	0.71402
174	0.71734
175	0.72144
176	0.72489
177	0.72898
178	0.73189
179	0.73656
180	0.73956
181	0.74309
182	0.74651
183	0.75026
184	0.75359
185	0.75758
186	0.76144
187	0.76544
188	0.76903
189	0.77213
190	0.77466
191	0.77883
192	0.78306
193	0.78565
194	0.78947
195	0.79351
196	0.79765
197	0.80178
198	0.80467
199	0.80977
200	0.81295
201	0.81794
202	0.82116
203	0.82536
204	0.82904
205	0.83354
206	0.83682
207	0.84082
208	0.8432
209	0.84702
210	0.84996
211	0.85608
212	0.8579
213	0.86086
214	0.86484
215	0.8688
216	0.87392
217	0.87675
218	0.88044
219	0.88327
220	0.88851
221	0.89098
222	0.89514
223	0.89698
224	0.90237
225	0.90812
226	0.91083
227	0.91431
228	0.91876
229	0.92325
230	0.92728
231	0.92916
232	0.93608
233	0.93982
234	0.94352
235	0.94601
236	0.9513
237	0.95421
238	0.95666
239	0.96268
240	0.96462
241	0.96785
242	0.96943
243	0.97449
244	0.97534
245	0.98073
246	0.98194
247	0.98467
248	0.98734
249	0.99083
250	0.9932
251	0.99364
252	0.99622
253	0.99735
254	1
255	0.99915
