201	0
202	0.0026277
203	0.0052724
204	0.0079342
205	0.010613
206	0.013309
207	0.016023
208	0.018753
209	0.021501
210	0.024267
211	0.027049
212	0.029849
213	0.032666
214	0.035501
215	0.038353
216	0.041223
217	0.04411
218	0.047015
219	0.049937
220	0.052877
221	0.055835
222	0.05881
223	0.061803
224	0.064814
225	0.067842
226	0.070888
227	0.073952
228	0.077034
229	0.080134
230	0.083252
231	0.086387
232	0.089541
233	0.092712
234	0.095902
235	0.09911
236	0.10234
237	0.10558
238	0.10884
239	0.11212
240	0.11542
241	0.11874
242	0.12207
243	0.12542
244	0.1288
245	0.13219
246	0.13559
247	0.13902
248	0.14247
249	0.14593
250	0.14941
251	0.15291
252	0.15643
253	0.15997
254	0.16352
255	0.1671
