201	0.8329
202	0.83854
203	0.84353
204	0.84721
205	0.85024
206	0.85286
207	0.8552
208	0.85734
209	0.85931
210	0.86115
211	0.86288
212	0.86452
213	0.86608
214	0.86758
215	0.86902
216	0.8704
217	0.87173
218	0.87303
219	0.87428
220	0.8755
221	0.87669
222	0.87785
223	0.87898
224	0.88009
225	0.88117
226	0.88223
227	0.88327
228	0.88429
229	0.8853
230	0.88628
231	0.88726
232	0.88821
233	0.88915
234	0.89008
235	0.891
236	0.8919
237	0.8928
238	0.89368
239	0.89455
240	0.89541
241	0.89626
242	0.8971
243	0.89794
244	0.89876
245	0.89958
246	0.90039
247	0.90119
248	0.90198
249	0.90277
250	0.90355
251	0.90432
252	0.90509
253	0.90585
254	0.90661
255	0.90736
