201	177.2
202	178.7
203	181.1
204	182.7
205	185.3
206	186.8
207	188.3
208	190.6
209	192.2
210	194.4
211	196.3
212	198.6
213	200.7
214	203.2
215	205.5
216	206.4
217	209.1
218	211.1
219	212.8
220	214.9
221	217.5
222	219
223	221.9
224	223.1
225	225.6
226	227.2
227	229.3
228	232.6
229	235.6
230	236.8
231	240
232	242.2
233	244.2
234	247.3
235	249.4
236	252.5
237	254
238	256.7
239	260.1
240	261.4
241	262.6
242	264.1
243	266.7
244	268.7
245	271.8
246	273.9
247	276.4
248	278.5
249	279.8
250	282.2
251	285
252	286.8
253	290
254	292.4
255	296.2
