0	0.2465
1	0.264
2	0.282
3	0.3051
4	0.3291
5	0.3603
6	0.3918
7	0.4272
8	0.4634
9	0.5142
10	0.5646
11	0.6205
12	0.6772
13	0.7512
14	0.825
15	0.9057
16	0.9867
17	1.0882
18	1.1897
19	1.2983
20	1.4086
21	1.5416
22	1.6746
23	1.8168
24	1.9594
25	2.125
26	2.2905
27	2.466
28	2.642
29	2.8434
30	3.0451
31	3.2579
32	3.4712
33	3.7091
34	3.9441
35	4.1928
36	4.4421
37	4.7181
38	4.9928
39	5.2826
40	5.5721
41	5.8871
42	6.2026
43	6.5274
44	6.8557
45	7.2103
46	7.5627
47	7.9278
48	8.2949
49	8.6939
50	9.0892
51	9.5034
52	9.9177
53	10.363
54	10.802
55	11.262
56	11.724
57	12.21
58	12.691
59	13.194
60	13.694
61	14.213
62	14.744
63	15.284
64	15.827
65	16.39
66	16.957
67	17.532
68	18.111
69	18.718
70	19.326
71	19.94
72	20.561
73	21.214
74	21.862
75	22.533
76	23.199
77	23.88
78	24.574
79	25.273
80	25.981
81	26.71
82	27.442
83	28.17
84	28.913
85	29.684
86	30.458
87	31.245
88	32.026
89	32.832
90	33.643
91	34.454
92	35.265
93	36.117
94	36.958
95	37.82
96	38.682
97	39.552
98	40.416
99	41.299
100	42.173
101	43.085
102	43.992
103	44.92
104	45.82
105	46.777
106	47.704
107	48.669
108	49.606
109	50.585
110	51.567
111	52.554
112	53.496
113	54.499
114	55.468
115	56.465
116	57.466
117	58.501
118	59.524
119	60.554
120	61.546
121	62.61
122	63.65
123	64.682
124	65.728
125	66.752
126	67.81
127	68.911
128	69.971
129	71.23
130	72.488
131	73.713
132	74.925
133	76.18
134	77.5
135	78.798
136	80.034
137	81.321
138	82.683
139	83.932
140	85.289
141	86.599
142	87.966
143	89.278
144	90.574
145	91.96
146	93.29
147	94.629
148	96.012
149	97.815
150	99.18
151	100.55
152	101.93
153	103.37
154	104.75
155	106.15
156	107.53
157	108.95
158	110.35
159	111.79
160	113.25
161	114.71
162	116.18
163	117.63
164	119.1
165	120.64
166	122.14
167	123.67
168	125.22
169	126.72
170	128.3
171	129.82
172	131.39
173	133
174	134.61
175	136.27
176	137.89
177	139.6
178	141.29
179	142.99
180	144.68
181	146.43
182	148.15
183	149.94
184	151.65
185	153.49
186	155.37
187	157.17
188	158.99
189	160.9
190	162.83
191	164.77
192	166.71
193	169.08
194	171.32
195	173.59
196	175.91
197	178.33
198	180.72
199	183.13
200	185.55
201	188.13
202	190.66
203	193.24
204	195.77
205	198.41
206	201.09
207	203.67
208	206.35
209	209.08
210	211.79
211	214.52
212	217.18
213	219.98
214	221.41
215	224.18
216	226.96
217	228.34
218	231.26
219	234.14
220	235.62
221	238.44
222	241.34
223	242.81
224	245.73
225	248.63
226	250.05
227	253.01
228	255.93
229	257.4
230	260.29
231	263.12
232	264.55
233	267.46
234	270.36
235	271.75
236	274.56
237	277.32
238	278.7
239	281.44
240	284.11
241	285.45
242	288.09
243	290.65
244	291.92
245	294.36
246	296.86
247	298.06
248	300.49
249	302.76
250	305.08
251	307.68
252	310.3
253	315.1
254	320.52
255	325.21
