0	0.51746
1	0.56616
2	0.61962
3	0.67796
4	0.7413
5	0.80976
6	0.88345
7	0.96248
8	1.0469
9	1.137
10	1.2326
11	1.334
12	1.4412
13	1.5544
14	1.6736
15	1.7988
16	1.9303
17	2.068
18	2.2121
19	2.3627
20	2.5198
21	2.6834
22	2.8537
23	3.0308
24	3.2147
25	3.4055
26	3.6033
27	3.8081
28	4.0201
29	4.2392
30	4.4655
31	4.6992
32	4.9402
33	5.1887
34	5.4447
35	5.7083
36	5.9795
37	6.2584
38	6.5451
39	6.8395
40	7.1419
41	7.4522
42	7.7705
43	8.0968
44	8.4313
45	8.7739
46	9.1248
47	9.4839
48	9.8514
49	10.227
50	10.612
51	11.004
52	11.406
53	11.816
54	12.234
55	12.662
56	13.098
57	13.542
58	13.996
59	14.459
60	14.93
61	15.411
62	15.901
63	16.399
64	16.907
65	17.424
66	17.951
67	18.486
68	19.031
69	19.585
70	20.149
71	20.722
72	21.305
73	21.897
74	22.499
75	23.111
76	23.732
77	24.363
78	25.004
79	25.655
80	26.315
81	26.985
82	27.666
83	28.356
84	29.056
85	29.767
86	30.487
87	31.218
88	31.959
89	32.71
90	33.471
91	34.243
92	35.025
93	35.818
94	36.62
95	37.434
96	38.258
97	39.092
98	39.937
99	40.793
100	41.659
101	42.536
102	43.424
103	44.322
104	45.232
105	46.152
106	47.083
107	48.025
108	48.978
109	49.942
110	50.917
111	51.903
112	52.9
113	53.908
114	54.928
115	55.959
116	57.001
117	58.054
118	59.118
119	60.194
120	61.281
121	62.38
122	63.49
123	64.612
124	65.745
125	66.89
126	68.046
127	69.214
128	70.393
129	71.585
130	72.787
131	74.002
132	75.229
133	76.467
134	77.717
135	78.979
136	80.253
137	81.539
138	82.837
139	84.147
140	85.468
141	86.802
142	88.148
143	89.507
144	90.877
145	92.26
146	93.654
147	95.061
148	96.481
149	97.912
150	99.356
151	100.81
152	102.28
153	103.76
154	105.26
155	106.76
156	108.28
157	109.81
158	111.36
159	112.91
160	114.48
161	116.06
162	117.66
163	119.27
164	120.89
165	122.52
166	124.16
167	125.82
168	127.49
169	129.18
170	130.87
171	132.58
172	134.31
173	136.04
174	137.79
175	139.56
176	141.33
177	143.12
178	144.92
179	146.74
180	148.56
181	150.4
182	152.26
183	154.13
184	156.01
185	157.9
186	159.81
187	161.73
188	163.67
189	165.61
190	167.58
191	169.55
192	171.54
193	173.54
194	175.56
195	177.59
196	179.63
197	181.69
198	183.76
199	185.84
200	187.94
201	190.05
202	192.18
203	194.32
204	196.47
205	198.64
206	200.82
207	203.01
208	205.22
209	207.44
210	209.68
211	211.93
212	214.19
213	216.47
214	218.77
215	221.07
216	223.39
217	225.73
218	228.08
219	230.44
220	232.82
221	235.21
222	237.62
223	240.04
224	242.48
225	244.93
226	247.39
227	249.87
228	252.36
229	254.87
230	257.39
231	259.93
232	262.48
233	265.04
234	267.62
235	270.22
236	272.83
237	275.45
238	278.09
239	280.74
240	283.41
241	286.09
242	288.79
243	291.5
244	294.23
245	296.97
246	299.73
247	302.5
248	305.29
249	308.09
250	310.9
251	313.73
252	316.58
253	319.44
254	322.32
255	325.21
