0	0
1	0.00014711
2	0.00030858
3	0.00048481
4	0.00067613
5	0.00088292
6	0.0011055
7	0.0013442
8	0.0015993
9	0.0018712
10	0.0021601
11	0.0024664
12	0.0027903
13	0.0031321
14	0.003492
15	0.0038704
16	0.0042675
17	0.0046836
18	0.0051188
19	0.0055735
20	0.006048
21	0.0065423
22	0.0070568
23	0.0075917
24	0.0081472
25	0.0087235
26	0.0093209
27	0.0099395
28	0.01058
29	0.011241
30	0.011925
31	0.012631
32	0.013359
33	0.01411
34	0.014883
35	0.015679
36	0.016498
37	0.017341
38	0.018206
39	0.019096
40	0.020009
41	0.020946
42	0.021908
43	0.022894
44	0.023904
45	0.024939
46	0.025999
47	0.027083
48	0.028193
49	0.029328
50	0.030489
51	0.031676
52	0.032888
53	0.034126
54	0.035391
55	0.036681
56	0.037998
57	0.039342
58	0.040713
59	0.04211
60	0.043534
61	0.044986
62	0.046465
63	0.047971
64	0.049505
65	0.051067
66	0.052657
67	0.054275
68	0.055921
69	0.057595
70	0.059298
71	0.061029
72	0.06279
73	0.064579
74	0.066397
75	0.068244
76	0.07012
77	0.072026
78	0.073962
79	0.075927
80	0.077922
81	0.079947
82	0.082001
83	0.084087
84	0.086202
85	0.088348
86	0.090524
87	0.092731
88	0.094969
89	0.097238
90	0.099537
91	0.10187
92	0.10423
93	0.10662
94	0.10905
95	0.11151
96	0.11399
97	0.11652
98	0.11907
99	0.12165
100	0.12427
101	0.12692
102	0.1296
103	0.13231
104	0.13506
105	0.13784
106	0.14065
107	0.1435
108	0.14638
109	0.14929
110	0.15223
111	0.15521
112	0.15822
113	0.16127
114	0.16435
115	0.16746
116	0.17061
117	0.17379
118	0.177
119	0.18025
120	0.18354
121	0.18686
122	0.19021
123	0.1936
124	0.19702
125	0.20048
126	0.20397
127	0.2075
128	0.21106
129	0.21466
130	0.21829
131	0.22196
132	0.22567
133	0.22941
134	0.23318
135	0.23699
136	0.24084
137	0.24473
138	0.24865
139	0.2526
140	0.25659
141	0.26062
142	0.26469
143	0.26879
144	0.27293
145	0.27711
146	0.28132
147	0.28557
148	0.28986
149	0.29418
150	0.29854
151	0.30294
152	0.30738
153	0.31185
154	0.31636
155	0.32091
156	0.3255
157	0.33013
158	0.33479
159	0.33949
160	0.34423
161	0.34901
162	0.35382
163	0.35868
164	0.36357
165	0.3685
166	0.37347
167	0.37848
168	0.38353
169	0.38862
170	0.39374
171	0.39891
172	0.40411
173	0.40936
174	0.41464
175	0.41996
176	0.42533
177	0.43073
178	0.43617
179	0.44165
180	0.44717
181	0.45274
182	0.45834
183	0.46398
184	0.46966
185	0.47538
186	0.48115
187	0.48695
188	0.49279
189	0.49868
190	0.5046
191	0.51057
192	0.51657
193	0.52262
194	0.52871
195	0.53484
196	0.54101
197	0.54722
198	0.55348
199	0.55977
200	0.56611
201	0.57249
202	0.57891
203	0.58537
204	0.59187
205	0.59842
206	0.605
207	0.61163
208	0.6183
209	0.62502
210	0.63177
211	0.63857
212	0.64541
213	0.6523
214	0.65922
215	0.66619
216	0.6732
217	0.68025
218	0.68735
219	0.69449
220	0.70167
221	0.7089
222	0.71617
223	0.72348
224	0.73084
225	0.73824
226	0.74568
227	0.75316
228	0.76069
229	0.76827
230	0.77588
231	0.78354
232	0.79125
233	0.799
234	0.80679
235	0.81463
236	0.82251
237	0.83043
238	0.8384
239	0.84642
240	0.85448
241	0.86258
242	0.87073
243	0.87892
244	0.88716
245	0.89544
246	0.90376
247	0.91214
248	0.92055
249	0.92901
250	0.93752
251	0.94607
252	0.95467
253	0.96331
254	0.972
255	0.98074
