0	0.00081843
1	0.00081843
2	0.00081843
3	0.0069701
4	0.028313
5	0.043408
6	0.056062
7	0.051675
8	0.061655
9	0.068752
10	0.075777
11	0.081863
12	0.092279
13	0.09783
14	0.092223
15	0.097337
16	0.10476
17	0.10899
18	0.11378
19	0.11869
20	0.1236
21	0.11907
22	0.12607
23	0.12811
24	0.13305
25	0.13785
26	0.13978
27	0.14207
28	0.13925
29	0.14212
30	0.14615
31	0.15102
32	0.15287
33	0.15767
34	0.16037
35	0.1577
36	0.16036
37	0.16337
38	0.16509
39	0.16941
40	0.17057
41	0.17374
42	0.16866
43	0.17049
44	0.17692
45	0.17404
46	0.18053
47	0.18224
48	0.18525
49	0.18166
50	0.18493
51	0.18498
52	0.18647
53	0.19029
54	0.19024
55	0.1955
56	0.18737
57	0.19397
58	0.19629
59	0.19651
60	0.19832
61	0.20161
62	0.20233
63	0.19904
64	0.20246
65	0.19808
66	0.20731
67	0.20713
68	0.21149
69	0.21014
70	0.19996
71	0.20738
72	0.20537
73	0.21367
74	0.20857
75	0.21415
76	0.21249
77	0.20853
78	0.21375
79	0.21388
80	0.21441
81	0.21487
82	0.21596
83	0.21875
84	0.21488
85	0.21635
86	0.21721
87	0.21911
88	0.22014
89	0.22116
90	0.21748
91	0.22012
92	0.22097
93	0.22148
94	0.22221
95	0.22273
96	0.2232
97	0.21933
98	0.22203
99	0.2233
100	0.22423
101	0.22548
102	0.2268
103	0.22774
104	0.22388
105	0.22425
106	0.22649
107	0.22687
108	0.2279
109	0.22918
110	0.23035
111	0.22646
112	0.22786
113	0.22755
114	0.22885
115	0.22967
116	0.23038
117	0.23059
118	0.22682
119	0.2272
120	0.22809
121	0.2295
122	0.23044
123	0.23154
124	0.23231
125	0.2284
126	0.22917
127	0.22962
128	0.22989
129	0.2311
130	0.23167
131	0.23262
132	0.22879
133	0.22885
134	0.22934
135	0.22926
136	0.23017
137	0.22999
138	0.23048
139	0.22661
140	0.22637
141	0.22624
142	0.22634
143	0.2263
144	0.226
145	0.22624
146	0.22237
147	0.22217
148	0.22159
149	0.22161
150	0.221
151	0.221
152	0.22051
153	0.21659
154	0.21646
155	0.21595
156	0.21541
157	0.2148
158	0.21495
159	0.21426
160	0.2105
161	0.20931
162	0.20884
163	0.20819
164	0.20746
165	0.20637
166	0.20625
167	0.20243
168	0.20181
169	0.2005
170	0.20007
171	0.19891
172	0.19796
173	0.19418
174	0.19342
175	0.19257
176	0.19157
177	0.19034
178	0.18955
179	0.18831
180	0.18439
181	0.18337
182	0.18236
183	0.18123
184	0.18018
185	0.17877
186	0.17773
187	0.17375
188	0.1723
189	0.17143
190	0.16984
191	0.1685
192	0.16708
193	0.16517
194	0.1617
195	0.16001
196	0.15828
197	0.15687
198	0.15527
199	0.1537
200	0.15171
201	0.14789
202	0.14629
203	0.14472
204	0.14274
205	0.14133
206	0.13916
207	0.13745
208	0.13361
209	0.13165
210	0.12968
211	0.12792
212	0.12565
213	0.12376
214	0.1217
215	0.11792
216	0.1157
217	0.11359
218	0.1117
219	0.10921
220	0.10669
221	0.1044
222	0.10062
223	0.097971
224	0.095562
225	0.092984
226	0.090496
227	0.08795
228	0.08566
229	0.081676
230	0.079089
231	0.076353
232	0.073634
233	0.070876
234	0.068227
235	0.065284
236	0.06152
237	0.058649
238	0.05554
239	0.052522
240	0.049593
241	0.046718
242	0.043316
243	0.039661
244	0.036331
245	0.033309
246	0.030069
247	0.026973
248	0.023713
249	0.02067
250	0.016888
251	0.013556
252	0.010223
253	0.0070525
254	0.0037912
255	0.0003501
