0	0.018445
1	0.018445
2	0.018445
3	0.026234
4	0.047577
5	0.063973
6	0.082052
7	0.082814
8	0.097737
9	0.10962
10	0.1213
11	0.13194
12	0.14683
13	0.15678
14	0.15551
15	0.16492
16	0.17659
17	0.18503
18	0.194
19	0.20306
20	0.21209
21	0.21165
22	0.22273
23	0.22883
24	0.23781
25	0.24664
26	0.25258
27	0.25888
28	0.26005
29	0.2669
30	0.2749
31	0.28374
32	0.28954
33	0.29829
34	0.30493
35	0.3062
36	0.31278
37	0.31972
38	0.32536
39	0.33358
40	0.33866
41	0.34573
42	0.34455
43	0.35028
44	0.3606
45	0.36161
46	0.37199
47	0.37758
48	0.38447
49	0.38477
50	0.39191
51	0.39583
52	0.4012
53	0.40888
54	0.4127
55	0.42183
56	0.41757
57	0.42803
58	0.43422
59	0.43829
60	0.44396
61	0.45111
62	0.45568
63	0.45625
64	0.46352
65	0.46299
66	0.47608
67	0.47975
68	0.48796
69	0.49045
70	0.48412
71	0.49539
72	0.49723
73	0.50937
74	0.50811
75	0.51753
76	0.51972
77	0.5196
78	0.52866
79	0.53264
80	0.537
81	0.5413
82	0.54623
83	0.55286
84	0.55282
85	0.55814
86	0.56283
87	0.56857
88	0.57343
89	0.57829
90	0.57844
91	0.58492
92	0.5896
93	0.59395
94	0.5985
95	0.60286
96	0.60716
97	0.60713
98	0.61366
99	0.61876
100	0.62352
101	0.6286
102	0.63375
103	0.63852
104	0.63849
105	0.64269
106	0.64876
107	0.65297
108	0.65782
109	0.66293
110	0.66794
111	0.66788
112	0.6731
113	0.67662
114	0.68175
115	0.68639
116	0.69093
117	0.69497
118	0.69503
119	0.69923
120	0.70395
121	0.70919
122	0.71395
123	0.71887
124	0.72347
125	0.72339
126	0.72798
127	0.73226
128	0.73635
129	0.74139
130	0.74578
131	0.75055
132	0.75055
133	0.75443
134	0.75874
135	0.76249
136	0.76723
137	0.77087
138	0.77518
139	0.77513
140	0.77872
141	0.78242
142	0.78633
143	0.79012
144	0.79365
145	0.79771
146	0.79766
147	0.80128
148	0.80453
149	0.80837
150	0.81158
151	0.8154
152	0.81873
153	0.81864
154	0.82232
155	0.82564
156	0.82892
157	0.83214
158	0.8361
159	0.83924
160	0.8393
161	0.84193
162	0.84528
163	0.84845
164	0.85155
165	0.85428
166	0.85798
167	0.85798
168	0.86118
169	0.86369
170	0.86708
171	0.86974
172	0.87261
173	0.87265
174	0.87572
175	0.87868
176	0.88151
177	0.88409
178	0.88713
179	0.88971
180	0.88961
181	0.89241
182	0.89522
183	0.89791
184	0.90068
185	0.90309
186	0.90587
187	0.90571
188	0.90808
189	0.91103
190	0.91326
191	0.91574
192	0.91814
193	0.92005
194	0.9204
195	0.92252
196	0.92462
197	0.92702
198	0.92924
199	0.93149
200	0.93333
201	0.93333
202	0.93555
203	0.9378
204	0.93963
205	0.94204
206	0.9437
207	0.94581
208	0.94579
209	0.94764
210	0.94949
211	0.95154
212	0.9531
213	0.95503
214	0.95678
215	0.95682
216	0.95842
217	0.96013
218	0.96206
219	0.96339
220	0.96469
221	0.96622
222	0.96626
223	0.96743
224	0.96884
225	0.97008
226	0.97141
227	0.97268
228	0.97421
229	0.97405
230	0.97528
231	0.97636
232	0.97746
233	0.97852
234	0.97969
235	0.98057
236	0.98062
237	0.98157
238	0.98228
239	0.98308
240	0.98397
241	0.98491
242	0.98533
243	0.98549
244	0.98598
245	0.98677
246	0.98735
247	0.98807
248	0.98863
249	0.98941
250	0.98944
251	0.98993
252	0.99042
253	0.99106
254	0.99162
255	0.992
