0	4.6813
1	4.717
2	4.7563
3	4.7991
4	4.8456
5	4.8958
6	4.9499
7	5.0079
8	5.0699
9	5.136
10	5.2062
11	5.2806
12	5.3593
13	5.4424
14	5.5299
15	5.6218
16	5.7183
17	5.8194
18	5.9252
19	6.0357
20	6.151
21	6.2711
22	6.3962
23	6.5261
24	6.6611
25	6.8012
26	6.9463
27	7.0967
28	7.2522
29	7.4131
30	7.5792
31	7.7507
32	7.9277
33	8.1101
34	8.298
35	8.4914
36	8.6905
37	8.8952
38	9.1056
39	9.3218
40	9.5437
41	9.7715
42	10.005
43	10.245
44	10.49
45	10.742
46	10.999
47	11.263
48	11.533
49	11.808
50	12.09
51	12.379
52	12.673
53	12.974
54	13.282
55	13.595
56	13.915
57	14.242
58	14.575
59	14.914
60	15.261
61	15.613
62	15.973
63	16.339
64	16.712
65	17.091
66	17.477
67	17.871
68	18.271
69	18.677
70	19.091
71	19.512
72	19.94
73	20.375
74	20.816
75	21.265
76	21.721
77	22.184
78	22.655
79	23.132
80	23.617
81	24.109
82	24.608
83	25.115
84	25.629
85	26.151
86	26.68
87	27.216
88	27.76
89	28.311
90	28.87
91	29.436
92	30.01
93	30.592
94	31.181
95	31.778
96	32.383
97	32.996
98	33.616
99	34.244
100	34.88
101	35.524
102	36.175
103	36.835
104	37.502
105	38.178
106	38.861
107	39.552
108	40.252
109	40.96
110	41.675
111	42.399
112	43.131
113	43.871
114	44.619
115	45.376
116	46.141
117	46.914
118	47.695
119	48.485
120	49.283
121	50.089
122	50.904
123	51.727
124	52.559
125	53.399
126	54.248
127	55.105
128	55.971
129	56.845
130	57.728
131	58.62
132	59.52
133	60.429
134	61.347
135	62.273
136	63.208
137	64.152
138	65.105
139	66.066
140	67.036
141	68.016
142	69.004
143	70.001
144	71.006
145	72.021
146	73.045
147	74.078
148	75.12
149	76.17
150	77.23
151	78.299
152	79.377
153	80.465
154	81.561
155	82.667
156	83.781
157	84.905
158	86.038
159	87.181
160	88.333
161	89.494
162	90.664
163	91.844
164	93.033
165	94.231
166	95.439
167	96.656
168	97.883
169	99.119
170	100.37
171	101.62
172	102.89
173	104.16
174	105.44
175	106.74
176	108.04
177	109.35
178	110.68
179	112.01
180	113.35
181	114.7
182	116.06
183	117.43
184	118.81
185	120.2
186	121.6
187	123.01
188	124.43
189	125.86
190	127.3
191	128.75
192	130.21
193	131.68
194	133.16
195	134.65
196	136.15
197	137.66
198	139.18
199	140.71
200	142.25
201	143.8
202	145.36
203	146.93
204	148.51
205	150.1
206	151.7
207	153.31
208	154.94
209	156.57
210	158.21
211	159.86
212	161.52
213	163.2
214	164.88
215	166.57
216	168.28
217	169.99
218	171.71
219	173.45
220	175.2
221	176.95
222	178.72
223	180.49
224	182.28
225	184.08
226	185.89
227	187.71
228	189.54
229	191.38
230	193.23
231	195.09
232	196.96
233	198.85
234	200.74
235	202.64
236	204.56
237	206.49
238	208.42
239	210.37
240	212.33
241	214.3
242	216.28
243	218.27
244	220.27
245	222.28
246	224.31
247	226.34
248	228.38
249	230.44
250	232.51
251	234.59
252	236.68
253	238.78
254	240.89
255	243.01
