0	0
1	7.4483e-05
2	6.5429e-05
3	0.0011522
4	0.0023489
5	0.0036184
6	0.0054014
7	0.0054858
8	0.0072948
9	0.008954
10	0.010782
11	0.012622
12	0.015484
13	0.01759
14	0.017313
15	0.01943
16	0.022256
17	0.024442
18	0.026894
19	0.029512
20	0.032265
21	0.032129
22	0.035692
23	0.03775
24	0.040902
25	0.044145
26	0.046408
27	0.048877
28	0.049346
29	0.052136
30	0.055506
31	0.059375
32	0.061996
33	0.066078
34	0.069275
35	0.069897
36	0.073172
37	0.076719
38	0.079674
39	0.084102
40	0.086904
41	0.0909
42	0.090225
43	0.093521
44	0.09964
45	0.10025
46	0.10665
47	0.1102
48	0.11466
49	0.11486
50	0.1196
51	0.12225
52	0.12593
53	0.13131
54	0.13404
55	0.14068
56	0.13756
57	0.1453
58	0.15
59	0.15314
60	0.15758
61	0.16327
62	0.16698
63	0.16744
64	0.17345
65	0.17301
66	0.18411
67	0.1873
68	0.19453
69	0.19676
70	0.19113
71	0.20122
72	0.2029
73	0.21418
74	0.213
75	0.22196
76	0.22408
77	0.22396
78	0.23283
79	0.23679
80	0.24118
81	0.24555
82	0.25062
83	0.25752
84	0.25748
85	0.2631
86	0.26812
87	0.27433
88	0.27966
89	0.28504
90	0.28522
91	0.29249
92	0.29781
93	0.30281
94	0.3081
95	0.3132
96	0.31829
97	0.31825
98	0.32607
99	0.33224
100	0.33808
101	0.34437
102	0.35081
103	0.35684
104	0.3568
105	0.36217
106	0.37
107	0.37547
108	0.38186
109	0.38865
110	0.39536
111	0.39528
112	0.40236
113	0.40718
114	0.41425
115	0.42071
116	0.42709
117	0.43281
118	0.43289
119	0.4389
120	0.44569
121	0.4533
122	0.4603
123	0.46758
124	0.47446
125	0.47433
126	0.48125
127	0.48775
128	0.494
129	0.50178
130	0.50861
131	0.5161
132	0.5161
133	0.52223
134	0.5291
135	0.53511
136	0.54277
137	0.54869
138	0.55577
139	0.55569
140	0.56161
141	0.56774
142	0.57429
143	0.58067
144	0.58663
145	0.59355
146	0.59346
147	0.59968
148	0.60527
149	0.61194
150	0.61754
151	0.62424
152	0.63013
153	0.62996
154	0.63651
155	0.64243
156	0.64832
157	0.65412
158	0.66132
159	0.66704
160	0.66716
161	0.67198
162	0.67815
163	0.68404
164	0.6898
165	0.6949
166	0.70185
167	0.70185
168	0.7079
169	0.71268
170	0.71914
171	0.72424
172	0.72975
173	0.72984
174	0.73576
175	0.74152
176	0.74704
177	0.7521
178	0.75807
179	0.76317
180	0.76296
181	0.76852
182	0.77411
183	0.77951
184	0.78506
185	0.78992
186	0.79555
187	0.79522
188	0.80004
189	0.80605
190	0.81062
191	0.81572
192	0.82066
193	0.82461
194	0.82535
195	0.82975
196	0.83411
197	0.83913
198	0.84378
199	0.84851
200	0.85238
201	0.85238
202	0.85707
203	0.86185
204	0.86576
205	0.8709
206	0.87444
207	0.87897
208	0.87893
209	0.88292
210	0.88691
211	0.89135
212	0.89473
213	0.89892
214	0.90275
215	0.90283
216	0.90633
217	0.91008
218	0.91431
219	0.91724
220	0.92012
221	0.92349
222	0.92357
223	0.92617
224	0.92929
225	0.93205
226	0.93501
227	0.93785
228	0.94127
229	0.9409
230	0.94365
231	0.94608
232	0.94855
233	0.95094
234	0.95357
235	0.95555
236	0.95567
237	0.95781
238	0.95942
239	0.96123
240	0.96324
241	0.96538
242	0.96633
243	0.9667
244	0.96781
245	0.96962
246	0.97094
247	0.97258
248	0.97386
249	0.97563
250	0.97571
251	0.97682
252	0.97793
253	0.97941
254	0.98069
255	0.98155
