0	0.93984
1	1.0266
2	1.1218
3	1.2257
4	1.3386
5	1.4605
6	1.5918
7	1.7325
8	1.883
9	2.0433
10	2.2137
11	2.3943
12	2.5853
13	2.7869
14	2.9992
15	3.2223
16	3.4565
17	3.7018
18	3.9585
19	4.2267
20	4.5064
21	4.798
22	5.1014
23	5.4168
24	5.7444
25	6.0843
26	6.4365
27	6.8014
28	7.1789
29	7.5691
30	7.9723
31	8.3886
32	8.8179
33	9.2605
34	9.7165
35	10.186
36	10.669
37	11.166
38	11.677
39	12.201
40	12.74
41	13.292
42	13.859
43	14.441
44	15.036
45	15.647
46	16.272
47	16.911
48	17.566
49	18.235
50	18.92
51	19.62
52	20.335
53	21.065
54	21.81
55	22.572
56	23.348
57	24.141
58	24.949
59	25.773
60	26.613
61	27.469
62	28.341
63	29.229
64	30.134
65	31.055
66	31.993
67	32.947
68	33.917
69	34.905
70	35.909
71	36.93
72	37.968
73	39.023
74	40.095
75	41.185
76	42.291
77	43.415
78	44.557
79	45.715
80	46.892
81	48.086
82	49.298
83	50.527
84	51.775
85	53.04
86	54.324
87	55.625
88	56.945
89	58.283
90	59.639
91	61.014
92	62.407
93	63.818
94	65.248
95	66.697
96	68.165
97	69.651
98	71.156
99	72.68
100	74.224
101	75.786
102	77.367
103	78.968
104	80.587
105	82.226
106	83.885
107	85.563
108	87.26
109	88.977
110	90.714
111	92.471
112	94.247
113	96.043
114	97.859
115	99.695
116	101.55
117	103.43
118	105.32
119	107.24
120	109.18
121	111.13
122	113.11
123	115.11
124	117.13
125	119.17
126	121.23
127	123.31
128	125.41
129	127.53
130	129.67
131	131.83
132	134.02
133	136.23
134	138.45
135	140.7
136	142.97
137	145.26
138	147.57
139	149.9
140	152.26
141	154.64
142	157.03
143	159.45
144	161.89
145	164.36
146	166.84
147	169.35
148	171.87
149	174.42
150	177
151	179.59
152	182.21
153	184.85
154	187.51
155	190.19
156	192.89
157	195.62
158	198.37
159	201.14
160	203.94
161	206.76
162	209.6
163	212.46
164	215.35
165	218.25
166	221.19
167	224.14
168	227.12
169	230.12
170	233.14
171	236.19
172	239.25
173	242.35
174	245.46
175	248.6
176	251.76
177	254.95
178	258.16
179	261.39
180	264.65
181	267.93
182	271.23
183	274.56
184	277.91
185	281.28
186	284.68
187	288.1
188	291.55
189	295.02
190	298.51
191	302.03
192	305.57
193	309.14
194	312.73
195	316.35
196	319.99
197	323.65
198	327.34
199	331.05
200	334.79
201	338.55
202	342.33
203	346.14
204	349.98
205	353.84
206	357.72
207	361.63
208	365.57
209	369.53
210	373.51
211	377.52
212	381.55
213	385.61
214	389.7
215	393.81
216	397.94
217	402.1
218	406.28
219	410.5
220	414.73
221	418.99
222	423.28
223	427.59
224	431.93
225	436.29
226	440.68
227	445.1
228	449.54
229	454
230	458.49
231	463.01
232	467.56
233	472.13
234	476.72
235	481.34
236	485.99
237	490.66
238	495.36
239	500.09
240	504.84
241	509.62
242	514.43
243	519.26
244	524.11
245	529
246	533.91
247	538.85
248	543.81
249	548.8
250	553.82
251	558.86
252	563.93
253	569.03
254	574.15
255	579.3
