0	0.0016224
1	0.0016224
2	0.0016224
3	0.0016224
4	0.0016224
5	0.0033668
6	0.0089304
7	0.014211
8	0.01928
9	0.024186
10	0.028962
11	0.033634
12	0.03822
13	0.042733
14	0.047186
15	0.051587
16	0.055943
17	0.06026
18	0.064543
19	0.068796
20	0.073023
21	0.077227
22	0.081409
23	0.085573
24	0.089719
25	0.09385
26	0.097968
27	0.10207
28	0.10617
29	0.11025
30	0.11432
31	0.11839
32	0.12244
33	0.12649
34	0.13053
35	0.13457
36	0.1386
37	0.14262
38	0.14664
39	0.15065
40	0.15466
41	0.15866
42	0.16266
43	0.16666
44	0.17065
45	0.17464
46	0.17863
47	0.18261
48	0.1866
49	0.19057
50	0.19455
51	0.19852
52	0.20249
53	0.20646
54	0.21043
55	0.2144
56	0.21836
57	0.22232
58	0.22628
59	0.23024
60	0.2342
61	0.23816
62	0.24211
63	0.24606
64	0.25002
65	0.25397
66	0.25792
67	0.26187
68	0.26581
69	0.26976
70	0.27371
71	0.27765
72	0.28159
73	0.28554
74	0.28948
75	0.29342
76	0.29736
77	0.3013
78	0.30524
79	0.30918
80	0.31312
81	0.31706
82	0.32099
83	0.32493
84	0.32887
85	0.3328
86	0.33674
87	0.34067
88	0.3446
89	0.34854
90	0.35247
91	0.3564
92	0.36033
93	0.36427
94	0.3682
95	0.37213
96	0.37606
97	0.37999
98	0.38392
99	0.38785
100	0.39178
101	0.39571
102	0.39963
103	0.40356
104	0.40749
105	0.41142
106	0.41535
107	0.41927
108	0.4232
109	0.42713
110	0.43105
111	0.43498
112	0.4389
113	0.44283
114	0.44675
115	0.45068
116	0.45461
117	0.45853
118	0.46245
119	0.46638
120	0.4703
121	0.47423
122	0.47815
123	0.48207
124	0.486
125	0.48992
126	0.49384
127	0.49777
128	0.50169
129	0.50561
130	0.50954
131	0.51346
132	0.51738
133	0.5213
134	0.52522
135	0.52915
136	0.53307
137	0.53699
138	0.54091
139	0.54483
140	0.54875
141	0.55267
142	0.5566
143	0.56052
144	0.56444
145	0.56836
146	0.57228
147	0.5762
148	0.58012
149	0.58404
150	0.58796
151	0.59188
152	0.5958
153	0.59972
154	0.60364
155	0.60756
156	0.61148
157	0.6154
158	0.61932
159	0.62324
160	0.62716
161	0.63108
162	0.635
163	0.63892
164	0.64283
165	0.64675
166	0.65067
167	0.65459
168	0.65851
169	0.66243
170	0.66635
171	0.67027
172	0.67418
173	0.6781
174	0.68202
175	0.68594
176	0.68986
177	0.69378
178	0.6977
179	0.70161
180	0.70553
181	0.70945
182	0.71337
183	0.71729
184	0.7212
185	0.72512
186	0.72904
187	0.73296
188	0.73687
189	0.74079
190	0.74471
191	0.74863
192	0.75254
193	0.75646
194	0.76038
195	0.7643
196	0.76821
197	0.77213
198	0.77605
199	0.77997
200	0.78388
201	0.7878
202	0.79172
203	0.79564
204	0.79955
205	0.80347
206	0.80739
207	0.8113
208	0.81522
209	0.81914
210	0.82305
211	0.82697
212	0.83089
213	0.8348
214	0.83872
215	0.84264
216	0.84656
217	0.85047
218	0.85439
219	0.85831
220	0.86222
221	0.86614
222	0.87005
223	0.87397
224	0.87789
225	0.8818
226	0.88572
227	0.88964
228	0.89355
229	0.89747
230	0.90139
231	0.9053
232	0.90922
233	0.91313
234	0.91705
235	0.92097
236	0.92488
237	0.9288
238	0.93272
239	0.93663
240	0.94055
241	0.94446
242	0.94838
243	0.9523
244	0.95621
245	0.96013
246	0.96404
247	0.96796
248	0.97188
249	0.97579
250	0.97971
251	0.98362
252	0.98754
253	0.99146
254	0.99537
255	0.99929
