0	1.3982e-05
1	1.4846e-05
2	2.0887e-05
3	0
4	5.3513e-06
5	1.8643e-05
6	4.1775e-05
7	5.7483e-05
8	8.7692e-05
9	0.00011445
10	0.00015743
11	0.00021008
12	0.00029622
13	0.00039686
14	0.00049698
15	0.00064095
16	0.00079458
17	0.00093872
18	0.0011131
19	0.0012978
20	0.0014911
21	0.0017587
22	0.0020124
23	0.0023007
24	0.0026839
25	0.0030551
26	0.0034797
27	0.0039665
28	0.0043653
29	0.0048641
30	0.0053768
31	0.0058688
32	0.0064695
33	0.0071289
34	0.0078781
35	0.0085445
36	0.0094576
37	0.01031
38	0.011234
39	0.012277
40	0.013278
41	0.014491
42	0.015739
43	0.016835
44	0.018061
45	0.019045
46	0.020184
47	0.021117
48	0.022325
49	0.02343
50	0.024414
51	0.025639
52	0.026744
53	0.02797
54	0.029212
55	0.030473
56	0.031923
57	0.033286
58	0.034754
59	0.036186
60	0.037395
61	0.0385
62	0.040001
63	0.041469
64	0.043022
65	0.04449
66	0.046337
67	0.047821
68	0.049409
69	0.051118
70	0.052827
71	0.054519
72	0.056142
73	0.057971
74	0.059887
75	0.062132
76	0.064117
77	0.065877
78	0.068035
79	0.07021
80	0.071936
81	0.073749
82	0.076079
83	0.078289
84	0.079963
85	0.082121
86	0.084365
87	0.086385
88	0.088733
89	0.091011
90	0.093134
91	0.09524
92	0.097502
93	0.09978
94	0.10242
95	0.10444
96	0.10696
97	0.1095
98	0.11211
99	0.11442
100	0.11678
101	0.11927
102	0.12176
103	0.12466
104	0.12716
105	0.13008
106	0.13285
107	0.13584
108	0.1381
109	0.14126
110	0.14363
111	0.14661
112	0.1491
113	0.15202
114	0.15535
115	0.15792
116	0.16094
117	0.16389
118	0.16715
119	0.17061
120	0.17339
121	0.17649
122	0.18012
123	0.1834
124	0.029696
125	0.18979
126	0.19324
127	0.19652
128	0.20083
129	0.20394
130	0.20705
131	0.21067
132	0.2143
133	0.21792
134	0.22138
135	0.22517
136	0.22897
137	0.23311
138	0.23708
139	0.24105
140	0.2452
141	0.24865
142	0.25124
143	0.25555
144	0.26091
145	0.26505
146	0.26833
147	0.27126
148	0.27661
149	0.27989
150	0.28386
151	0.28973
152	0.29301
153	0.29836
154	0.30354
155	0.30838
156	0.31235
157	0.31925
158	0.32184
159	0.32667
160	0.33289
161	0.33565
162	0.34118
163	0.3448
164	0.35136
165	0.35585
166	0.3612
167	0.36344
168	0.36655
169	0.37328
170	0.38036
171	0.38191
172	0.38571
173	0.39141
174	0.3971
175	0.4047
176	0.4123
177	0.41903
178	0.42645
179	0.43284
180	0.43871
181	0.44527
182	0.452
183	0.46011
184	0.46425
185	0.47427
186	0.48014
187	0.48393
188	0.49205
189	0.50016
190	0.5043
191	0.51397
192	0.52122
193	0.52554
194	0.53244
195	0.54193
196	0.54815
197	0.55488
198	0.56299
199	0.57024
200	0.57801
201	0.58354
202	0.59027
203	0.59527
204	0.60373
205	0.61185
206	0.61979
207	0.62566
208	0.63032
209	0.63843
210	0.64171
211	0.64896
212	0.65587
213	0.6626
214	0.67175
215	0.68055
216	0.68884
217	0.69574
218	0.7061
219	0.71249
220	0.72129
221	0.72888
222	0.73665
223	0.74459
224	0.75184
225	0.75978
226	0.76807
227	0.77428
228	0.1226
229	0.78999
230	0.79776
231	0.80467
232	0.81157
233	0.82124
234	0.83108
235	0.83919
236	0.84713
237	0.85473
238	0.8637
239	0.87233
240	0.87751
241	0.88718
242	0.89391
243	0.90289
244	0.91273
245	0.92101
246	0.92913
247	0.94207
248	0.94742
249	0.95571
250	0.96003
251	0.96883
252	0.98333
253	0.99248
254	0.99921
255	0.99852
