0	0.4653
1	0.4658
2	0.4693
3	0.4572
4	0.4603
5	0.468
6	0.4814
7	0.4905
8	0.508
9	0.5235
10	0.5484
11	0.5789
12	0.6288
13	0.6871
14	0.7451
15	0.8285
16	0.9175
17	1.001
18	1.102
19	1.209
20	1.321
21	1.476
22	1.623
23	1.79
24	2.012
25	2.227
26	2.473
27	2.755
28	2.986
29	3.275
30	3.572
31	3.857
32	4.205
33	4.587
34	5.021
35	5.407
36	5.936
37	6.43
38	6.965
39	7.569
40	8.149
41	8.852
42	9.575
43	10.21
44	10.92
45	11.49
46	12.15
47	12.69
48	13.39
49	14.03
50	14.6
51	15.31
52	15.95
53	16.66
54	17.38
55	18.11
56	18.95
57	19.74
58	20.59
59	21.42
60	22.12
61	22.76
62	23.63
63	24.48
64	25.38
65	26.23
66	27.3
67	28.16
68	29.08
69	30.07
70	31.06
71	32.04
72	32.98
73	34.04
74	35.15
75	36.45
76	37.6
77	38.62
78	39.87
79	41.13
80	42.13
81	43.18
82	44.53
83	45.81
84	46.78
85	48.03
86	49.33
87	50.5
88	51.86
89	53.18
90	54.41
91	55.63
92	56.94
93	58.26
94	59.79
95	60.96
96	62.42
97	63.89
98	65.4
99	66.74
100	68.11
101	69.55
102	70.99
103	72.67
104	74.12
105	75.81
106	77.42
107	79.15
108	80.46
109	82.29
110	83.66
111	85.39
112	86.83
113	88.52
114	90.45
115	91.94
116	93.69
117	95.4
118	97.29
119	99.29
120	100.9
121	102.7
122	104.8
123	106.7
124	17.66
125	110.4
126	112.4
127	114.3
128	116.8
129	118.6
130	120.4
131	122.5
132	124.6
133	126.7
134	128.7
135	130.9
136	133.1
137	135.5
138	137.8
139	140.1
140	142.5
141	144.5
142	146
143	148.5
144	151.6
145	154
146	155.9
147	157.6
148	160.7
149	162.6
150	164.9
151	168.3
152	170.2
153	173.3
154	176.3
155	179.1
156	181.4
157	185.4
158	186.9
159	189.7
160	193.3
161	194.9
162	198.1
163	200.2
164	204
165	206.6
166	209.7
167	211
168	212.8
169	216.7
170	220.8
171	221.7
172	223.9
173	227.2
174	230.5
175	234.9
176	239.3
177	243.2
178	247.5
179	251.2
180	254.6
181	258.4
182	262.3
183	267
184	269.4
185	275.2
186	278.6
187	280.8
188	285.5
189	290.2
190	292.6
191	298.2
192	302.4
193	304.9
194	308.9
195	314.4
196	318
197	321.9
198	326.6
199	330.8
200	335.3
201	338.5
202	342.4
203	345.3
204	350.2
205	354.9
206	359.5
207	362.9
208	365.6
209	370.3
210	372.2
211	376.4
212	380.4
213	384.3
214	389.6
215	394.7
216	399.5
217	403.5
218	409.5
219	413.2
220	418.3
221	422.7
222	427.2
223	431.8
224	436
225	440.6
226	445.4
227	449
228	71.48
229	458.1
230	462.6
231	466.6
232	470.6
233	476.2
234	481.9
235	486.6
236	491.2
237	495.6
238	500.8
239	505.8
240	508.8
241	514.4
242	518.3
243	523.5
244	529.2
245	534
246	538.7
247	546.2
248	549.3
249	554.1
250	556.6
251	561.7
252	570.1
253	575.4
254	579.3
255	578.9
