0	0
1	0.00014975
2	0.00031413
3	0.00049353
4	0.0006883
5	0.0008988
6	0.0011254
7	0.0013684
8	0.0016281
9	0.0019049
10	0.002199
11	0.0025107
12	0.0028405
13	0.0031884
14	0.0035548
15	0.00394
16	0.0043443
17	0.0047678
18	0.0052109
19	0.0056738
20	0.0061567
21	0.00666
22	0.0071837
23	0.0077282
24	0.0082937
25	0.0088804
26	0.0094885
27	0.010118
28	0.01077
29	0.011444
30	0.01214
31	0.012858
32	0.013599
33	0.014363
34	0.015151
35	0.015961
36	0.016795
37	0.017652
38	0.018534
39	0.019439
40	0.020369
41	0.021323
42	0.022302
43	0.023305
44	0.024334
45	0.025387
46	0.026466
47	0.02757
48	0.0287
49	0.029856
50	0.031038
51	0.032245
52	0.03348
53	0.03474
54	0.036027
55	0.037341
56	0.038682
57	0.04005
58	0.041445
59	0.042867
60	0.044317
61	0.045795
62	0.047301
63	0.048834
64	0.050396
65	0.051986
66	0.053604
67	0.055251
68	0.056927
69	0.058631
70	0.060365
71	0.062127
72	0.063919
73	0.06574
74	0.067591
75	0.069471
76	0.071382
77	0.073322
78	0.075292
79	0.077293
80	0.079323
81	0.081385
82	0.083476
83	0.085599
84	0.087752
85	0.089937
86	0.092152
87	0.094399
88	0.096677
89	0.098987
90	0.10133
91	0.1037
92	0.10611
93	0.10854
94	0.11101
95	0.11351
96	0.11605
97	0.11861
98	0.12121
99	0.12384
100	0.1265
101	0.1292
102	0.13193
103	0.13469
104	0.13749
105	0.14032
106	0.14318
107	0.14608
108	0.14901
109	0.15197
110	0.15497
111	0.158
112	0.16107
113	0.16417
114	0.1673
115	0.17047
116	0.17368
117	0.17691
118	0.18019
119	0.1835
120	0.18684
121	0.19022
122	0.19363
123	0.19708
124	0.20056
125	0.20408
126	0.20764
127	0.21123
128	0.21486
129	0.21852
130	0.22222
131	0.22595
132	0.22972
133	0.23353
134	0.23738
135	0.24126
136	0.24517
137	0.24913
138	0.25312
139	0.25715
140	0.26121
141	0.26531
142	0.26945
143	0.27363
144	0.27784
145	0.28209
146	0.28638
147	0.29071
148	0.29507
149	0.29947
150	0.30391
151	0.30839
152	0.31291
153	0.31746
154	0.32206
155	0.32669
156	0.33136
157	0.33606
158	0.34081
159	0.3456
160	0.35042
161	0.35529
162	0.36019
163	0.36513
164	0.37011
165	0.37513
166	0.38019
167	0.38529
168	0.39043
169	0.39561
170	0.40083
171	0.40609
172	0.41138
173	0.41672
174	0.4221
175	0.42752
176	0.43298
177	0.43848
178	0.44402
179	0.4496
180	0.45522
181	0.46088
182	0.46658
183	0.47232
184	0.47811
185	0.48393
186	0.4898
187	0.49571
188	0.50166
189	0.50765
190	0.51368
191	0.51975
192	0.52587
193	0.53202
194	0.53822
195	0.54446
196	0.55074
197	0.55707
198	0.56343
199	0.56984
200	0.57629
201	0.58278
202	0.58932
203	0.5959
204	0.60252
205	0.60918
206	0.61589
207	0.62263
208	0.62943
209	0.63626
210	0.64314
211	0.65006
212	0.65702
213	0.66403
214	0.67108
215	0.67817
216	0.68531
217	0.69249
218	0.69972
219	0.70698
220	0.7143
221	0.72165
222	0.72905
223	0.73649
224	0.74398
225	0.75151
226	0.75909
227	0.76671
228	0.77438
229	0.78209
230	0.78984
231	0.79764
232	0.80548
233	0.81337
234	0.8213
235	0.82928
236	0.8373
237	0.84537
238	0.85348
239	0.86164
240	0.86985
241	0.8781
242	0.88639
243	0.89473
244	0.90311
245	0.91154
246	0.92002
247	0.92854
248	0.93711
249	0.94573
250	0.95439
251	0.96309
252	0.97184
253	0.98064
254	0.98949
255	0.99838
