0	0.008769
1	0.01624
2	0.02368
3	0.03659
4	0.04986
5	0.08347
6	0.1174
7	0.1366
8	0.1562
9	0.2555
10	0.3777
11	0.4443
12	0.5282
13	0.688
14	0.8654
15	0.9954
16	1.145
17	1.354
18	1.566
19	1.757
20	1.979
21	2.18
22	2.392
23	2.551
24	2.763
25	3.019
26	3.282
27	3.496
28	3.764
29	3.984
30	4.247
31	4.386
32	4.53
33	4.687
34	4.88
35	5.085
36	5.284
37	5.494
38	5.68
39	5.907
40	6.095
41	6.289
42	6.529
43	6.752
44	7.051
45	7.168
46	1.879
47	7.607
48	7.799
49	8.001
50	8.256
51	8.533
52	8.823
53	9.01
54	0.7051
55	9.5
56	9.686
57	10
58	10.4
59	10.72
60	11.11
61	11.43
62	11.82
63	12.27
64	12.25
65	12.59
66	13.05
67	13.45
68	13.85
69	14.36
70	14.74
71	15.01
72	15.39
73	15.76
74	16.19
75	16.71
76	17.2
77	17.72
78	17.94
79	18.47
80	18.95
81	19.16
82	19.96
83	20.44
84	20.99
85	21.43
86	22.08
87	22.65
88	23
89	23.55
90	24.03
91	24.71
92	25.33
93	25.87
94	26.41
95	26.87
96	27.24
97	27.61
98	28.34
99	29.04
100	29.73
101	30.23
102	30.71
103	31.38
104	31.99
105	32.43
106	33.16
107	33.92
108	34.72
109	35.59
110	36.19
111	36.72
112	37.46
113	38
114	38.87
115	39.84
116	40.7
117	41.34
118	41.99
119	42.68
120	43.55
121	44.54
122	45.13
123	45.94
124	47.12
125	48.19
126	48.76
127	49.7
128	49.61
129	50.72
130	51.64
131	52.79
132	11.02
133	11.24
134	11.52
135	11.62
136	11.81
137	11.88
138	12.11
139	12.43
140	12.55
141	12.71
142	12.98
143	13.19
144	13.39
145	13.49
146	13.83
147	13.93
148	14.16
149	14.42
150	14.66
151	14.88
152	14.99
153	15.25
154	15.37
155	15.73
156	16.15
157	16.29
158	16.61
159	16.73
160	16.82
161	17.18
162	17.39
163	17.71
164	17.92
165	18.36
166	18.56
167	18.86
168	19.11
169	19.34
170	19.61
171	19.74
172	20.18
173	20.38
174	20.74
175	20.8
176	20.99
177	21.17
178	21.37
179	21.48
180	21.72
181	21.98
182	22.07
183	22.22
184	22.32
185	22.7
186	22.86
187	23.14
188	23.33
189	23.59
190	23.74
191	23.88
192	23.98
193	24.07
194	24.5
195	24.55
196	24.86
197	25.14
198	25.54
199	25.7
200	25.82
201	26.05
202	26.24
203	26.54
204	26.61
205	26.8
206	27.13
207	27.29
208	27.47
209	27.84
210	27.81
211	28.18
212	28.31
213	28.68
214	29.05
215	29.19
216	29.62
217	29.7
218	29.96
219	30.2
220	30.45
221	30.76
222	30.98
223	31.28
224	31.48
225	31.67
226	31.99
227	32.19
228	32.47
229	33
230	33.3
231	33.81
232	33.9
233	34.16
234	34.26
235	34.59
236	34.92
237	35.2
238	35.55
239	35.7
240	36.1
241	36.1
242	36.35
243	36.9
244	36.97
245	37.47
246	37.58
247	38.08
248	38.25
249	38.56
250	38.86
251	39.23
252	39.63
253	39.74
254	40.14
255	40.73
