0	0.00099978
1	0.00099978
2	0.00099978
3	0.00099978
4	0.00099978
5	0.00276
6	0.0083285
7	0.013614
8	0.018687
9	0.023597
10	0.028378
11	0.033054
12	0.037644
13	0.042161
14	0.046618
15	0.051023
16	0.055382
17	0.059703
18	0.06399
19	0.068247
20	0.072478
21	0.076685
22	0.080871
23	0.085038
24	0.089189
25	0.093324
26	0.097445
27	0.10155
28	0.10565
29	0.10974
30	0.11381
31	0.11788
32	0.12194
33	0.12599
34	0.13004
35	0.13408
36	0.13811
37	0.14213
38	0.14616
39	0.15017
40	0.15419
41	0.15819
42	0.1622
43	0.1662
44	0.17019
45	0.17419
46	0.17818
47	0.18217
48	0.18615
49	0.19013
50	0.19411
51	0.19809
52	0.20206
53	0.20604
54	0.21001
55	0.21398
56	0.21794
57	0.22191
58	0.22587
59	0.22984
60	0.2338
61	0.23776
62	0.24171
63	0.24567
64	0.24963
65	0.25358
66	0.25753
67	0.26149
68	0.26544
69	0.26939
70	0.27334
71	0.27729
72	0.28123
73	0.28518
74	0.28913
75	0.29307
76	0.29702
77	0.30096
78	0.3049
79	0.30884
80	0.31279
81	0.31673
82	0.32067
83	0.32461
84	0.32855
85	0.33249
86	0.33642
87	0.34036
88	0.3443
89	0.34824
90	0.35217
91	0.35611
92	0.36004
93	0.36398
94	0.36791
95	0.37185
96	0.37578
97	0.37971
98	0.38365
99	0.38758
100	0.39151
101	0.39545
102	0.39938
103	0.40331
104	0.40724
105	0.41117
106	0.4151
107	0.41903
108	0.42296
109	0.42689
110	0.43082
111	0.43475
112	0.43868
113	0.44261
114	0.44654
115	0.45047
116	0.4544
117	0.45833
118	0.46225
119	0.46618
120	0.47011
121	0.47404
122	0.47796
123	0.48189
124	0.48582
125	0.48974
126	0.49367
127	0.4976
128	0.50152
129	0.50545
130	0.50938
131	0.5133
132	0.51723
133	0.52115
134	0.52508
135	0.529
136	0.53293
137	0.53685
138	0.54078
139	0.5447
140	0.54863
141	0.55255
142	0.55648
143	0.5604
144	0.56433
145	0.56825
146	0.57217
147	0.5761
148	0.58002
149	0.58395
150	0.58787
151	0.59179
152	0.59572
153	0.59964
154	0.60356
155	0.60749
156	0.61141
157	0.61533
158	0.61926
159	0.62318
160	0.6271
161	0.63102
162	0.63495
163	0.63887
164	0.64279
165	0.64672
166	0.65064
167	0.65456
168	0.65848
169	0.6624
170	0.66633
171	0.67025
172	0.67417
173	0.67809
174	0.68201
175	0.68594
176	0.68986
177	0.69378
178	0.6977
179	0.70162
180	0.70554
181	0.70947
182	0.71339
183	0.71731
184	0.72123
185	0.72515
186	0.72907
187	0.73299
188	0.73692
189	0.74084
190	0.74476
191	0.74868
192	0.7526
193	0.75652
194	0.76044
195	0.76436
196	0.76828
197	0.7722
198	0.77613
199	0.78005
200	0.78397
201	0.78789
202	0.79181
203	0.79573
204	0.79965
205	0.80357
206	0.80749
207	0.81141
208	0.81533
209	0.81925
210	0.82317
211	0.82709
212	0.83101
213	0.83493
214	0.83885
215	0.84277
216	0.84669
217	0.85061
218	0.85453
219	0.85845
220	0.86237
221	0.86629
222	0.87021
223	0.87413
224	0.87805
225	0.88197
226	0.88589
227	0.88981
228	0.89373
229	0.89765
230	0.90157
231	0.90549
232	0.90941
233	0.91333
234	0.91725
235	0.92117
236	0.92509
237	0.92901
238	0.93293
239	0.93685
240	0.94077
241	0.94469
242	0.94861
243	0.95253
244	0.95645
245	0.96037
246	0.96429
247	0.96821
248	0.97213
249	0.97604
250	0.97996
251	0.98388
252	0.9878
253	0.99172
254	0.99564
255	0.99956
