0	0.00016611
1	0.00016611
2	0.00016611
3	0.00016611
4	0.00016611
5	0.013725
6	0.0253
7	0.030922
8	0.036173
9	0.05795
10	0.078531
11	0.088078
12	0.098963
13	0.11715
14	0.1346
15	0.14609
16	0.15826
17	0.1738
18	0.18817
19	0.20017
20	0.21319
21	0.22427
22	0.23531
23	0.24323
24	0.25334
25	0.26497
26	0.27632
27	0.28518
28	0.29583
29	0.30425
30	0.31396
31	0.31896
32	0.32403
33	0.32946
34	0.33599
35	0.34276
36	0.34918
37	0.3558
38	0.36155
39	0.36841
40	0.37398
41	0.37963
42	0.38647
43	0.39269
44	0.40086
45	0.404
46	0.20744
47	0.41552
48	0.42043
49	0.42553
50	0.43186
51	0.4386
52	0.44553
53	0.44993
54	0.11894
55	0.4612
56	0.46539
57	0.47235
58	0.48105
59	0.48786
60	0.49601
61	0.50257
62	0.51042
63	0.5193
64	0.51891
65	0.5255
66	0.53424
67	0.54171
68	0.54904
69	0.55821
70	0.56493
71	0.56963
72	0.57618
73	0.58246
74	0.58965
75	0.5982
76	0.60611
77	0.61437
78	0.61782
79	0.62604
80	0.63336
81	0.63653
82	0.64842
83	0.65542
84	0.66332
85	0.66956
86	0.67864
87	0.68647
88	0.69123
89	0.69861
90	0.70497
91	0.71386
92	0.72184
93	0.7287
94	0.73548
95	0.74119
96	0.74574
97	0.75025
98	0.75906
99	0.76738
100	0.77546
101	0.78125
102	0.78676
103	0.79437
104	0.80121
105	0.8061
106	0.81412
107	0.82237
108	0.83093
109	0.84011
110	0.84637
111	0.85185
112	0.85942
113	0.86489
114	0.8736
115	0.88319
116	0.89158
117	0.89775
118	0.90397
119	0.9105
120	0.91865
121	0.92781
122	0.93322
123	0.94057
124	0.95115
125	0.9606
126	0.96559
127	0.97374
128	0.97297
129	0.98249
130	0.99029
131	0.99993
132	0.49415
133	0.49869
134	0.5044
135	0.50642
136	0.51023
137	0.51162
138	0.51617
139	0.52241
140	0.52473
141	0.5278
142	0.53293
143	0.53687
144	0.5406
145	0.54245
146	0.54868
147	0.55049
148	0.55464
149	0.55928
150	0.56352
151	0.56737
152	0.56929
153	0.57378
154	0.57583
155	0.58195
156	0.58898
157	0.59131
158	0.59657
159	0.59852
160	0.59999
161	0.60579
162	0.60915
163	0.61421
164	0.61751
165	0.62434
166	0.62742
167	0.63199
168	0.63577
169	0.63923
170	0.64325
171	0.64518
172	0.65164
173	0.65455
174	0.65974
175	0.66061
176	0.66332
177	0.66588
178	0.66871
179	0.67026
180	0.67363
181	0.67725
182	0.6785
183	0.68057
184	0.68195
185	0.68715
186	0.68933
187	0.69311
188	0.69567
189	0.69914
190	0.70114
191	0.70299
192	0.70431
193	0.7055
194	0.71113
195	0.71178
196	0.7158
197	0.71941
198	0.72452
199	0.72655
200	0.72807
201	0.73097
202	0.73335
203	0.7371
204	0.73797
205	0.74032
206	0.74439
207	0.74635
208	0.74855
209	0.75304
210	0.75268
211	0.75714
212	0.7587
213	0.76311
214	0.76749
215	0.76914
216	0.77418
217	0.77511
218	0.77813
219	0.78091
220	0.78378
221	0.78733
222	0.78984
223	0.79324
224	0.79549
225	0.79763
226	0.80121
227	0.80343
228	0.80654
229	0.81237
230	0.81565
231	0.82118
232	0.82215
233	0.82495
234	0.82602
235	0.82955
236	0.83305
237	0.83601
238	0.83969
239	0.84126
240	0.84543
241	0.84543
242	0.84803
243	0.8537
244	0.85441
245	0.85952
246	0.86064
247	0.86569
248	0.8674
249	0.87051
250	0.87351
251	0.87718
252	0.88113
253	0.88221
254	0.88613
255	0.89187
