0	0
1	0.00014985
2	0.00031433
3	0.00049383
4	0.00068872
5	0.00089936
6	0.0011261
7	0.0013692
8	0.0016291
9	0.001906
10	0.0022003
11	0.0025123
12	0.0028422
13	0.0031904
14	0.003557
15	0.0039425
16	0.004347
17	0.0047708
18	0.0052142
19	0.0056773
20	0.0061606
21	0.0066641
22	0.0071882
23	0.007733
24	0.0082989
25	0.0088859
26	0.0094944
27	0.010125
28	0.010777
29	0.011451
30	0.012147
31	0.012866
32	0.013608
33	0.014372
34	0.01516
35	0.015971
36	0.016805
37	0.017663
38	0.018545
39	0.019452
40	0.020382
41	0.021337
42	0.022316
43	0.02332
44	0.024349
45	0.025403
46	0.026483
47	0.027588
48	0.028718
49	0.029875
50	0.031057
51	0.032266
52	0.0335
53	0.034762
54	0.03605
55	0.037364
56	0.038706
57	0.040075
58	0.041471
59	0.042894
60	0.044345
61	0.045824
62	0.04733
63	0.048865
64	0.050427
65	0.052018
66	0.053638
67	0.055285
68	0.056962
69	0.058668
70	0.060402
71	0.062166
72	0.063959
73	0.065781
74	0.067633
75	0.069515
76	0.071426
77	0.073368
78	0.075339
79	0.077341
80	0.079373
81	0.081435
82	0.083529
83	0.085652
84	0.087807
85	0.089993
86	0.09221
87	0.094458
88	0.096737
89	0.099048
90	0.10139
91	0.10377
92	0.10617
93	0.10861
94	0.11108
95	0.11358
96	0.11612
97	0.11868
98	0.12128
99	0.12392
100	0.12658
101	0.12928
102	0.13201
103	0.13478
104	0.13757
105	0.14041
106	0.14327
107	0.14617
108	0.1491
109	0.15207
110	0.15507
111	0.1581
112	0.16117
113	0.16427
114	0.16741
115	0.17058
116	0.17378
117	0.17703
118	0.1803
119	0.18361
120	0.18696
121	0.19034
122	0.19375
123	0.1972
124	0.20069
125	0.20421
126	0.20777
127	0.21136
128	0.21499
129	0.21866
130	0.22236
131	0.22609
132	0.22987
133	0.23368
134	0.23752
135	0.24141
136	0.24533
137	0.24928
138	0.25328
139	0.25731
140	0.26137
141	0.26548
142	0.26962
143	0.2738
144	0.27801
145	0.28227
146	0.28656
147	0.29089
148	0.29526
149	0.29966
150	0.3041
151	0.30858
152	0.3131
153	0.31766
154	0.32226
155	0.32689
156	0.33156
157	0.33627
158	0.34102
159	0.34581
160	0.35064
161	0.35551
162	0.36041
163	0.36536
164	0.37034
165	0.37537
166	0.38043
167	0.38553
168	0.39067
169	0.39586
170	0.40108
171	0.40634
172	0.41164
173	0.41698
174	0.42236
175	0.42779
176	0.43325
177	0.43875
178	0.44429
179	0.44988
180	0.4555
181	0.46117
182	0.46687
183	0.47262
184	0.47841
185	0.48424
186	0.49011
187	0.49602
188	0.50197
189	0.50796
190	0.514
191	0.52008
192	0.52619
193	0.53235
194	0.53856
195	0.5448
196	0.55109
197	0.55741
198	0.56378
199	0.5702
200	0.57665
201	0.58315
202	0.58969
203	0.59627
204	0.60289
205	0.60956
206	0.61627
207	0.62302
208	0.62982
209	0.63666
210	0.64354
211	0.65046
212	0.65743
213	0.66444
214	0.6715
215	0.6786
216	0.68574
217	0.69292
218	0.70015
219	0.70742
220	0.71474
221	0.7221
222	0.72951
223	0.73695
224	0.74445
225	0.75198
226	0.75956
227	0.76719
228	0.77486
229	0.78257
230	0.79033
231	0.79814
232	0.80598
233	0.81388
234	0.82182
235	0.8298
236	0.83783
237	0.8459
238	0.85402
239	0.86218
240	0.87039
241	0.87864
242	0.88694
243	0.89529
244	0.90368
245	0.91211
246	0.9206
247	0.92912
248	0.9377
249	0.94632
250	0.95498
251	0.96369
252	0.97245
253	0.98125
254	0.9901
255	0.999
