0	0.00083367
1	0.00083367
2	0.00083367
3	0.00083367
4	0.00083367
5	0.010965
6	0.016971
7	0.017308
8	0.017486
9	0.034352
10	0.050153
11	0.055024
12	0.061319
13	0.074986
14	0.087987
15	0.095069
16	0.10288
17	0.11409
18	0.12418
19	0.13192
20	0.14072
21	0.14758
22	0.15444
23	0.15819
24	0.16415
25	0.17164
26	0.17888
27	0.18363
28	0.19018
29	0.19451
30	0.20015
31	0.20108
32	0.20209
33	0.20347
34	0.20595
35	0.20868
36	0.21107
37	0.21367
38	0.21539
39	0.21824
40	0.2198
41	0.22143
42	0.22427
43	0.2265
44	0.23066
45	0.22981
46	0.029262
47	0.23335
48	0.23428
49	0.2354
50	0.23775
51	0.24051
52	0.24347
53	0.24389
54	0.09107
55	0.24722
56	0.24744
57	0.25044
58	0.25517
59	0.25803
60	0.26221
61	0.26482
62	0.26871
63	0.27363
64	0.26928
65	0.27192
66	0.27671
67	0.28022
68	0.2836
69	0.28883
70	0.29159
71	0.29235
72	0.29494
73	0.29728
74	0.30052
75	0.30513
76	0.3091
77	0.31341
78	0.31292
79	0.31719
80	0.32057
81	0.3198
82	0.32775
83	0.33081
84	0.33478
85	0.33707
86	0.34221
87	0.34611
88	0.34693
89	0.35037
90	0.3528
91	0.35776
92	0.3618
93	0.36472
94	0.36757
95	0.36934
96	0.36996
97	0.37054
98	0.37541
99	0.37979
100	0.38395
101	0.38581
102	0.38738
103	0.39106
104	0.39397
105	0.39492
106	0.39902
107	0.40333
108	0.40797
109	0.41322
110	0.41555
111	0.41709
112	0.42074
113	0.42228
114	0.42706
115	0.43272
116	0.43718
117	0.43943
118	0.44171
119	0.44432
120	0.44854
121	0.45378
122	0.45525
123	0.45868
124	0.46533
125	0.47086
126	0.47192
127	0.47615
128	0.47144
129	0.47704
130	0.48091
131	0.48663
132	0.023082
133	0.022464
134	0.020681
135	0.022587
136	0.022704
137	0.025235
138	0.024613
139	0.022294
140	0.023902
141	0.024757
142	0.023553
143	0.023531
144	0.023731
145	0.025805
146	0.023498
147	0.025606
148	0.025383
149	0.024666
150	0.024349
151	0.024421
152	0.026431
153	0.025864
154	0.02773
155	0.025536
156	0.022425
157	0.024028
158	0.022689
159	0.024654
160	0.027114
161	0.025231
162	0.025799
163	0.024655
164	0.025282
165	0.022371
166	0.023219
167	0.022566
168	0.022708
169	0.023177
170	0.023077
171	0.025073
172	0.022533
173	0.023545
174	0.02227
175	0.025331
176	0.026536
177	0.027897
178	0.028988
179	0.03136
180	0.031915
181	0.032215
182	0.034888
183	0.036736
184	0.03928
185	0.037998
186	0.039744
187	0.03988
188	0.041247
189	0.041693
190	0.04362
191	0.045686
192	0.048286
193	0.05102
194	0.049309
195	0.052579
196	0.052479
197	0.052794
198	0.051604
199	0.053493
200	0.055896
201	0.056917
202	0.058454
203	0.058631
204	0.061682
205	0.063248
206	0.063102
207	0.065061
208	0.066783
209	0.066211
210	0.070494
211	0.069954
212	0.072315
213	0.071821
214	0.071359
215	0.07363
216	0.072513
217	0.0755
218	0.0764
219	0.077546
220	0.078589
221	0.078961
222	0.080376
223	0.080897
224	0.082561
225	0.084345
226	0.084686
227	0.086379
228	0.087196
229	0.085283
230	0.085926
231	0.084314
232	0.087263
233	0.088386
234	0.091233
235	0.091626
236	0.092039
237	0.092999
238	0.093237
239	0.095586
240	0.095335
241	0.099254
242	0.10058
243	0.098832
244	0.10203
245	0.10085
246	0.10365
247	0.10251
248	0.10472
249	0.10553
250	0.10646
251	0.1067
252	0.10668
253	0.10951
254	0.10951
255	0.10769
