0	0.38577
1	0.41688
2	0.45103
3	0.48829
4	0.52875
5	0.57248
6	0.61955
7	0.67002
8	0.72398
9	0.78147
10	0.84257
11	0.90733
12	0.97582
13	1.0481
14	1.1242
15	1.2042
16	1.2882
17	1.3762
18	1.4682
19	1.5644
20	1.6647
21	1.7693
22	1.8781
23	1.9912
24	2.1086
25	2.2305
26	2.3568
27	2.4877
28	2.623
29	2.763
30	2.9076
31	3.0568
32	3.2108
33	3.3695
34	3.533
35	3.7014
36	3.8746
37	4.0527
38	4.2358
39	4.4239
40	4.6171
41	4.8153
42	5.0186
43	5.227
44	5.4407
45	5.6595
46	5.8836
47	6.113
48	6.3477
49	6.5878
50	6.8333
51	7.0842
52	7.3405
53	7.6024
54	7.8697
55	8.1427
56	8.4212
57	8.7054
58	8.9952
59	9.2907
60	9.5919
61	9.8988
62	10.212
63	10.53
64	10.855
65	11.185
66	11.521
67	11.863
68	12.211
69	12.565
70	12.925
71	13.292
72	13.664
73	14.042
74	14.427
75	14.817
76	15.214
77	15.617
78	16.026
79	16.442
80	16.864
81	17.292
82	17.726
83	18.167
84	18.615
85	19.068
86	19.529
87	19.995
88	20.469
89	20.948
90	21.435
91	21.928
92	22.427
93	22.933
94	23.446
95	23.966
96	24.492
97	25.025
98	25.565
99	26.111
100	26.665
101	27.225
102	27.792
103	28.366
104	28.947
105	29.534
106	30.129
107	30.731
108	31.339
109	31.955
110	32.578
111	33.208
112	33.845
113	34.489
114	35.14
115	35.798
116	36.464
117	37.137
118	37.816
119	38.504
120	39.198
121	39.9
122	40.609
123	41.325
124	42.049
125	42.78
126	43.519
127	44.265
128	45.018
129	45.779
130	46.548
131	47.323
132	48.107
133	48.898
134	49.696
135	50.502
136	51.316
137	52.137
138	52.966
139	53.803
140	54.647
141	55.499
142	56.359
143	57.227
144	58.102
145	58.985
146	59.876
147	60.775
148	61.681
149	62.596
150	63.518
151	64.448
152	65.386
153	66.333
154	67.287
155	68.249
156	69.219
157	70.197
158	71.183
159	72.177
160	73.179
161	74.19
162	75.208
163	76.235
164	77.27
165	78.312
166	79.364
167	80.423
168	81.49
169	82.566
170	83.65
171	84.742
172	85.843
173	86.952
174	88.069
175	89.195
176	90.329
177	91.471
178	92.622
179	93.781
180	94.949
181	96.125
182	97.309
183	98.502
184	99.704
185	100.91
186	102.13
187	103.36
188	104.6
189	105.84
190	107.09
191	108.35
192	109.62
193	110.9
194	112.19
195	113.49
196	114.79
197	116.11
198	117.43
199	118.76
200	120.1
201	121.45
202	122.81
203	124.17
204	125.55
205	126.93
206	128.32
207	129.73
208	131.14
209	132.56
210	133.99
211	135.42
212	136.87
213	138.33
214	139.79
215	141.26
216	142.75
217	144.24
218	145.74
219	147.25
220	148.77
221	150.3
222	151.83
223	153.38
224	154.93
225	156.5
226	158.07
227	159.66
228	161.25
229	162.85
230	164.46
231	166.08
232	167.71
233	169.35
234	171
235	172.65
236	174.32
237	176
238	177.68
239	179.38
240	181.08
241	182.79
242	184.52
243	186.25
244	187.99
245	189.74
246	191.5
247	193.27
248	195.05
249	196.84
250	198.64
251	200.45
252	202.27
253	204.1
254	205.93
255	207.78
