0	0
1	0.00014972
2	0.00031406
3	0.00049341
4	0.00068813
5	0.00089859
6	0.0011251
7	0.001368
8	0.0016277
9	0.0019044
10	0.0021985
11	0.0025102
12	0.0028398
13	0.0031876
14	0.003554
15	0.0039391
16	0.0043433
17	0.0047667
18	0.0052097
19	0.0056725
20	0.0061553
21	0.0066584
22	0.007182
23	0.0077264
24	0.0082918
25	0.0088783
26	0.0094863
27	0.010116
28	0.010767
29	0.011441
30	0.012137
31	0.012855
32	0.013596
33	0.01436
34	0.015147
35	0.015957
36	0.016791
37	0.017648
38	0.01853
39	0.019435
40	0.020364
41	0.021318
42	0.022297
43	0.0233
44	0.024328
45	0.025381
46	0.02646
47	0.027564
48	0.028694
49	0.029849
50	0.03103
51	0.032238
52	0.033472
53	0.034732
54	0.036019
55	0.037332
56	0.038673
57	0.04004
58	0.041435
59	0.042857
60	0.044307
61	0.045784
62	0.04729
63	0.048823
64	0.050384
65	0.051974
66	0.053592
67	0.055238
68	0.056913
69	0.058617
70	0.06035
71	0.062113
72	0.063904
73	0.065725
74	0.067575
75	0.069455
76	0.071365
77	0.073305
78	0.075274
79	0.077274
80	0.079305
81	0.081366
82	0.083457
83	0.085579
84	0.087732
85	0.089916
86	0.092131
87	0.094377
88	0.096654
89	0.098964
90	0.1013
91	0.10368
92	0.10608
93	0.10852
94	0.11098
95	0.11349
96	0.11602
97	0.11858
98	0.12118
99	0.12381
100	0.12647
101	0.12917
102	0.1319
103	0.13466
104	0.13746
105	0.14029
106	0.14315
107	0.14604
108	0.14897
109	0.15194
110	0.15493
111	0.15797
112	0.16103
113	0.16413
114	0.16726
115	0.17043
116	0.17364
117	0.17687
118	0.18015
119	0.18345
120	0.1868
121	0.19017
122	0.19359
123	0.19703
124	0.20052
125	0.20404
126	0.20759
127	0.21118
128	0.21481
129	0.21847
130	0.22217
131	0.2259
132	0.22967
133	0.23348
134	0.23732
135	0.2412
136	0.24512
137	0.24907
138	0.25306
139	0.25709
140	0.26115
141	0.26525
142	0.26939
143	0.27356
144	0.27778
145	0.28203
146	0.28631
147	0.29064
148	0.295
149	0.2994
150	0.30384
151	0.30832
152	0.31283
153	0.31739
154	0.32198
155	0.32661
156	0.33128
157	0.33599
158	0.34073
159	0.34552
160	0.35034
161	0.3552
162	0.3601
163	0.36504
164	0.37002
165	0.37504
166	0.3801
167	0.3852
168	0.39034
169	0.39552
170	0.40073
171	0.40599
172	0.41129
173	0.41662
174	0.422
175	0.42742
176	0.43288
177	0.43837
178	0.44391
179	0.44949
180	0.45511
181	0.46077
182	0.46647
183	0.47221
184	0.478
185	0.48382
186	0.48969
187	0.49559
188	0.50154
189	0.50753
190	0.51356
191	0.51963
192	0.52574
193	0.5319
194	0.53809
195	0.54433
196	0.55061
197	0.55694
198	0.5633
199	0.56971
200	0.57616
201	0.58265
202	0.58918
203	0.59576
204	0.60238
205	0.60904
206	0.61574
207	0.62249
208	0.62928
209	0.63611
210	0.64299
211	0.64991
212	0.65687
213	0.66387
214	0.67092
215	0.67801
216	0.68515
217	0.69233
218	0.69955
219	0.70682
220	0.71413
221	0.72148
222	0.72888
223	0.73632
224	0.74381
225	0.75134
226	0.75891
227	0.76653
228	0.7742
229	0.7819
230	0.78965
231	0.79745
232	0.80529
233	0.81318
234	0.82111
235	0.82909
236	0.83711
237	0.84517
238	0.85328
239	0.86144
240	0.86964
241	0.87789
242	0.88618
243	0.89452
244	0.9029
245	0.91133
246	0.91981
247	0.92833
248	0.93689
249	0.9455
250	0.95416
251	0.96287
252	0.97162
253	0.98041
254	0.98925
255	0.99814
