0	0.00083295
1	0.00083295
2	0.00083295
3	0.00083295
4	0.00083295
5	0.0025714
6	0.0081332
7	0.013412
8	0.018479
9	0.023383
10	0.028158
11	0.032829
12	0.033734
13	0.034273
14	0.032696
15	0.032484
16	0.031694
17	0.031418
18	0.031087
19	0.030697
20	0.029663
21	0.028931
22	0.027473
23	0.0271
24	0.026827
25	0.025824
26	0.02425
27	0.023522
28	0.022996
29	0.021881
30	0.019864
31	0.018233
32	0.017509
33	0.016643
34	0.015221
35	0.015365
36	0.013849
37	0.012732
38	0.011094
39	0.010837
40	0.01021
41	0.0095334
42	0.0084108
43	0.0072394
44	0.0056935
45	0.0059264
46	0.0045075
47	0.0034197
48	0.0028607
49	0.0020996
50	0.00073456
51	0.0010043
52	0.0001019
53	0.00099907
54	0.0018487
55	0.0026265
56	0.0028157
57	0.0035247
58	0.004492
59	0.00602
60	0.0072691
61	0.0082571
62	0.009231
63	0.010343
64	0.012974
65	0.013923
66	0.014728
67	0.014637
68	0.015905
69	0.016538
70	0.017501
71	0.018113
72	0.018303
73	0.01882
74	0.018743
75	0.019612
76	0.019612
77	0.019672
78	0.020186
79	0.020377
80	0.020679
81	0.020816
82	0.02092
83	0.020163
84	0.020143
85	0.020448
86	0.020487
87	0.020676
88	0.020009
89	0.019712
90	0.019634
91	0.019708
92	0.019651
93	0.018787
94	0.018216
95	0.018077
96	0.018042
97	0.017994
98	0.017921
99	0.017689
100	0.017215
101	0.017314
102	0.017542
103	0.017564
104	0.016526
105	0.015845
106	0.01566
107	0.015782
108	0.015467
109	0.015084
110	0.014583
111	0.014774
112	0.014802
113	0.014706
114	0.014076
115	0.013878
116	0.013554
117	0.013116
118	0.01303
119	0.012938
120	0.012161
121	0.011564
122	0.01096
123	0.011281
124	0.010939
125	0.010788
126	0.010262
127	0.0097688
128	0.010333
129	0.010369
130	0.009896
131	0.009876
132	0.0092356
133	0.0086855
134	0.0086257
135	0.0088912
136	0.008928
137	0.0083374
138	0.0077118
139	0.0072403
140	0.0070873
141	0.0071679
142	0.006529
143	0.0065134
144	0.0064507
145	0.0072037
146	0.0071594
147	0.0074795
148	0.0069729
149	0.0070299
150	0.0072779
151	0.0074764
152	0.0077946
153	0.0073364
154	0.0070547
155	0.0075087
156	0.0078044
157	0.0077142
158	0.007368
159	0.0071622
160	0.007178
161	0.0073149
162	0.0068863
163	0.0073484
164	0.0081698
165	0.0074853
166	0.0077686
167	0.0084092
168	0.0086251
169	0.008694
170	0.0081941
171	0.0078197
172	0.0093275
173	0.0090215
174	0.0089694
175	0.008405
176	0.0092664
177	0.0092702
178	0.0088155
179	0.0089686
180	0.0092759
181	0.0090058
182	0.0085723
183	0.0090194
184	0.0094007
185	0.0094955
186	0.0085532
187	0.0083796
188	0.0093016
189	0.0095971
190	0.0096475
191	0.0081776
192	0.010333
193	0.010269
194	0.0094048
195	0.0091778
196	0.0099881
197	0.0095045
198	0.0091759
199	0.008479
200	0.00946
201	0.0093478
202	0.0086451
203	0.008405
204	0.0087872
205	0.0084999
206	0.0077486
207	0.0068986
208	0.0067188
209	0.007632
210	0.0077798
211	0.0071769
212	0.0078648
213	0.0079105
214	0.0081425
215	0.008348
216	0.0094109
217	0.0094043
218	0.0087328
219	0.0084542
220	0.0092975
221	0.010056
222	0.009832
223	0.0092635
224	0.009991
225	0.0098014
226	0.0098117
227	0.0099209
228	0.010031
229	0.0087698
230	0.0082899
231	0.0083172
232	0.0082985
233	0.0090116
234	0.0073757
235	0.0074839
236	0.0070124
237	0.0074012
238	0.0074659
239	0.0060927
240	0.0061667
241	0.0058341
242	0.0051011
243	0.0052951
244	0.0059109
245	0.0050822
246	0.0037328
247	0.0037811
248	0.0048775
249	0.0051381
250	0.0039291
251	0.0022365
252	0.0015889
253	0.0014607
254	0.0016107
255	0.0003654
