0	0
1	4.5721e-05
2	8.0855e-05
3	0.00012032
4	0.00016508
5	0.00020791
6	0.00025941
7	0.0003085
8	0.00040524
9	0.000527
10	0.00067186
11	0.00081721
12	0.00097411
13	0.0011401
14	0.0014217
15	0.0016619
16	0.0019559
17	0.0022423
18	0.0025532
19	0.0028901
20	0.0033016
21	0.0037169
22	0.0042271
23	0.0046655
24	0.005117
25	0.0056723
26	0.0063274
27	0.0069165
28	0.0075084
29	0.0082087
30	0.0090759
31	0.0099331
32	0.010688
33	0.011497
34	0.012438
35	0.013135
36	0.014165
37	0.015162
38	0.016305
39	0.017199
40	0.018202
41	0.019249
42	0.020434
43	0.021671
44	0.023045
45	0.024005
46	0.025426
47	0.026803
48	0.028072
49	0.029433
50	0.031012
51	0.032135
52	0.033713
53	0.035267
54	0.036846
55	0.03844
56	0.039868
57	0.04151
58	0.043285
59	0.045313
60	0.047287
61	0.049207
62	0.051166
63	0.053226
64	0.055974
65	0.058072
66	0.060152
67	0.06187
68	0.064238
69	0.06636
70	0.06868
71	0.070874
72	0.072901
73	0.075124
74	0.077083
75	0.079562
76	0.081626
77	0.083753
78	0.08616
79	0.088427
80	0.09079
81	0.093095
82	0.095415
83	0.097263
84	0.099568
85	0.1021
86	0.10451
87	0.10704
88	0.10907
89	0.11135
90	0.11381
91	0.11639
92	0.11893
93	0.12095
94	0.12319
95	0.12575
96	0.12842
97	0.1311
98	0.1338
99	0.13642
100	0.13889
101	0.14181
102	0.14486
103	0.14779
104	0.14995
105	0.15241
106	0.15527
107	0.15839
108	0.16122
109	0.16401
110	0.16674
111	0.17006
112	0.17328
113	0.17643
114	0.17917
115	0.1823
116	0.18535
117	0.18833
118	0.19165
119	0.19499
120	0.19776
121	0.20072
122	0.20369
123	0.20753
124	0.21081
125	0.21429
126	0.21745
127	0.22067
128	0.22492
129	0.22871
130	0.23205
131	0.23586
132	0.23909
133	0.24243
134	0.2463
135	0.25053
136	0.25456
137	0.25799
138	0.26141
139	0.26501
140	0.26898
141	0.27324
142	0.27676
143	0.28098
144	0.28518
145	0.29033
146	0.29464
147	0.29939
148	0.30325
149	0.30778
150	0.31258
151	0.31736
152	0.32232
153	0.3264
154	0.33073
155	0.33598
156	0.34108
157	0.34575
158	0.35015
159	0.35475
160	0.35966
161	0.36477
162	0.36919
163	0.3748
164	0.38091
165	0.38512
166	0.39063
167	0.39665
168	0.40216
169	0.40752
170	0.41214
171	0.41697
172	0.42443
173	0.42943
174	0.43483
175	0.43954
176	0.44631
177	0.4519
178	0.45688
179	0.46277
180	0.46893
181	0.47429
182	0.47944
183	0.48593
184	0.49238
185	0.49845
186	0.50297
187	0.5087
188	0.51616
189	0.5227
190	0.52891
191	0.53276
192	0.54239
193	0.54855
194	0.55346
195	0.55942
196	0.56713
197	0.57276
198	0.57868
199	0.58402
200	0.5922
201	0.5986
202	0.60404
203	0.6103
204	0.61766
205	0.62392
206	0.6294
207	0.63474
208	0.64129
209	0.64981
210	0.65703
211	0.66295
212	0.67123
213	0.6784
214	0.68595
215	0.69351
216	0.7027
217	0.70997
218	0.71603
219	0.72287
220	0.73187
221	0.74077
222	0.74785
223	0.75429
224	0.76329
225	0.77056
226	0.77826
227	0.7862
228	0.79419
229	0.79949
230	0.80637
231	0.81431
232	0.8222
233	0.83164
234	0.8363
235	0.84458
236	0.85171
237	0.86066
238	0.86898
239	0.87433
240	0.88275
241	0.89035
242	0.89714
243	0.90595
244	0.91572
245	0.9224
246	0.92799
247	0.93665
248	0.94767
249	0.95691
250	0.96293
251	0.96789
252	0.9752
253	0.98372
254	0.99291
255	0.99898
