0	0.0013875
1	0.0016906
2	0.0019937
3	0.0022969
4	0.0026
5	0.0029031
6	0.0032062
7	0.0035093
8	0.0038124
9	0.0041155
10	0.0044186
11	0.0047294
12	0.0050589
13	0.0054067
14	0.0057729
15	0.0061579
16	0.0065619
17	0.0069851
18	0.007428
19	0.0078906
20	0.0083732
21	0.0088762
22	0.0093996
23	0.0099438
24	0.010509
25	0.011095
26	0.011703
27	0.012332
28	0.012984
29	0.013657
30	0.014353
31	0.015071
32	0.015811
33	0.016575
34	0.017362
35	0.018172
36	0.019005
37	0.019862
38	0.020743
39	0.021648
40	0.022577
41	0.023531
42	0.024509
43	0.025512
44	0.026539
45	0.027592
46	0.028671
47	0.029774
48	0.030903
49	0.032058
50	0.033239
51	0.034446
52	0.03568
53	0.036939
54	0.038226
55	0.039539
56	0.040879
57	0.042246
58	0.04364
59	0.045062
60	0.046511
61	0.047988
62	0.049493
63	0.051025
64	0.052586
65	0.054175
66	0.055792
67	0.057438
68	0.059113
69	0.060816
70	0.062549
71	0.06431
72	0.066101
73	0.067921
74	0.069771
75	0.07165
76	0.073559
77	0.075498
78	0.077467
79	0.079466
80	0.081496
81	0.083556
82	0.085647
83	0.087768
84	0.08992
85	0.092103
86	0.094317
87	0.096563
88	0.098839
89	0.10115
90	0.10349
91	0.10586
92	0.10826
93	0.1107
94	0.11316
95	0.11566
96	0.1182
97	0.12076
98	0.12336
99	0.12599
100	0.12865
101	0.13134
102	0.13407
103	0.13683
104	0.13963
105	0.14245
106	0.14532
107	0.14821
108	0.15114
109	0.1541
110	0.1571
111	0.16013
112	0.16319
113	0.16629
114	0.16942
115	0.17259
116	0.17579
117	0.17903
118	0.1823
119	0.18561
120	0.18895
121	0.19232
122	0.19574
123	0.19918
124	0.20266
125	0.20618
126	0.20973
127	0.21332
128	0.21695
129	0.22061
130	0.22431
131	0.22804
132	0.23181
133	0.23561
134	0.23945
135	0.24333
136	0.24725
137	0.2512
138	0.25519
139	0.25921
140	0.26327
141	0.26737
142	0.27151
143	0.27568
144	0.27989
145	0.28414
146	0.28843
147	0.29275
148	0.29711
149	0.30151
150	0.30595
151	0.31043
152	0.31494
153	0.31949
154	0.32408
155	0.32871
156	0.33338
157	0.33808
158	0.34283
159	0.34761
160	0.35243
161	0.35729
162	0.36219
163	0.36713
164	0.37211
165	0.37713
166	0.38218
167	0.38728
168	0.39242
169	0.39759
170	0.40281
171	0.40806
172	0.41336
173	0.41869
174	0.42407
175	0.42948
176	0.43494
177	0.44043
178	0.44597
179	0.45155
180	0.45717
181	0.46282
182	0.46852
183	0.47426
184	0.48004
185	0.48586
186	0.49173
187	0.49763
188	0.50358
189	0.50956
190	0.51559
191	0.52166
192	0.52777
193	0.53392
194	0.54012
195	0.54635
196	0.55263
197	0.55895
198	0.56532
199	0.57172
200	0.57817
201	0.58466
202	0.59119
203	0.59776
204	0.60438
205	0.61104
206	0.61774
207	0.62448
208	0.63127
209	0.6381
210	0.64497
211	0.65189
212	0.65885
213	0.66585
214	0.6729
215	0.67999
216	0.68712
217	0.6943
218	0.70152
219	0.70878
220	0.71609
221	0.72344
222	0.73083
223	0.73827
224	0.74576
225	0.75329
226	0.76086
227	0.76847
228	0.77613
229	0.78384
230	0.79159
231	0.79938
232	0.80722
233	0.8151
234	0.82303
235	0.831
236	0.83902
237	0.84709
238	0.85519
239	0.86335
240	0.87155
241	0.87979
242	0.88808
243	0.89641
244	0.90479
245	0.91322
246	0.92169
247	0.93021
248	0.93877
249	0.94738
250	0.95603
251	0.96474
252	0.97348
253	0.98228
254	0.99111
255	1
