0	0
1	0.0039161
2	0.0033357
3	0.0077008
4	0.013081
5	0.014237
6	0.020165
7	0.025645
8	0.026455
9	0.026996
10	0.032415
11	0.032765
12	0.033605
13	0.034324
14	0.039325
15	0.039885
16	0.04039
17	0.041027
18	0.041536
19	0.046566
20	0.047118
21	0.04779
22	0.048433
23	0.048865
24	0.049193
25	0.049589
26	0.050159
27	0.050186
28	0.049992
29	0.050667
30	0.051083
31	0.051206
32	0.047306
33	0.047764
34	0.04818
35	0.048486
36	0.048952
37	0.049369
38	0.049566
39	0.045375
40	0.046348
41	0.046561
42	0.047296
43	0.04759
44	0.047733
45	0.044018
46	0.044494
47	0.044533
48	0.045078
49	0.045408
50	0.046876
51	0.043499
52	0.043324
53	0.043921
54	0.044095
55	0.044332
56	0.044572
57	0.040784
58	0.040801
59	0.041334
60	0.041092
61	0.041806
62	0.037645
63	0.037925
64	0.038447
65	0.038903
66	0.039129
67	0.035262
68	0.035724
69	0.036052
70	0.035876
71	0.036325
72	0.032444
73	0.032702
74	0.03294
75	0.033093
76	0.033393
77	0.029575
78	0.029676
79	0.029857
80	0.030042
81	0.026277
82	0.026453
83	0.026829
84	0.026908
85	0.027273
86	0.023288
87	0.023476
88	0.023437
89	0.024136
90	0.023982
91	0.020251
92	0.020508
93	0.020655
94	0.020616
95	0.021073
96	0.021149
97	0.017164
98	0.017338
99	0.017436
100	0.017637
101	0.017763
102	0.014087
103	0.014272
104	0.014161
105	0.014199
106	0.014423
107	0.014519
108	0.010688
109	0.010923
110	0.011197
111	0.011306
112	0.011642
113	0.011637
114	0.0079711
115	0.0081297
116	0.0079118
117	0.0081748
118	0.0082326
119	0.0082977
120	0.0045631
121	0.0046124
122	0.0047474
123	0.0048468
124	0.0045566
125	0.0050125
126	0.0051775
127	0.001163
128	0.0013198
129	0.0026102
130	0.0024328
131	0.00241
132	0.0026369
133	0.0011859
134	0.0012048
135	0.0010342
136	0.00076422
137	0.00080213
138	0.00092582
139	0.001036
140	0.00065816
141	0.0045015
142	0.004588
143	0.004422
144	0.0049573
145	0.0052454
146	0.0052088
147	0.0053066
148	0.0052339
149	0.0053838
150	0.0090852
151	0.0089798
152	0.0092647
153	0.0088209
154	0.0091524
155	0.0091989
156	0.0090191
157	0.00931
158	0.0088158
159	0.0089912
160	0.0090957
161	0.0091064
162	0.009345
163	0.013237
164	0.013113
165	0.012853
166	0.012844
167	0.01308
168	0.01306
169	0.013
170	0.013273
171	0.012996
172	0.013119
173	0.01302
174	0.013291
175	0.012826
176	0.012797
177	0.01293
178	0.012456
179	0.012712
180	0.012864
181	0.012699
182	0.0128
183	0.012927
184	0.013059
185	0.012801
186	0.012988
187	0.013159
188	0.013356
189	0.013071
190	0.01354
191	0.013532
192	0.013511
193	0.013576
194	0.013393
195	0.012988
196	0.013135
197	0.012273
198	0.01594
199	0.015821
200	0.015805
201	0.016245
202	0.016073
203	0.012264
204	0.012299
205	0.012414
206	0.012914
207	0.01259
208	0.013043
209	0.013197
210	0.01311
211	0.012787
212	0.012683
213	0.013295
214	0.013101
215	0.013104
216	0.013216
217	0.013519
218	0.013725
219	0.013453
220	0.01382
221	0.013533
222	0.013436
223	0.0098023
224	0.01008
225	0.010043
226	0.010141
227	0.010007
228	0.010667
229	0.010516
230	0.011055
231	0.0070409
232	0.0076365
233	0.0074284
234	0.0075617
235	0.0075956
236	0.0078452
237	0.0042643
238	0.0046456
239	0.0054539
240	0.0057083
241	0.0053303
242	0.0055391
243	0.0057242
244	0.0059428
245	0.0028308
246	0.002515
247	0.0024189
248	0.0023586
249	0.0025681
250	0.0024257
251	0.0012609
252	0.00067782
253	0.00081977
254	1.65e-05
255	1.1102e-16
