0	0.0013875
1	0.0053037
2	0.0092198
3	0.013136
4	0.017052
5	0.020968
6	0.024884
7	0.0288
8	0.032717
9	0.036633
10	0.040549
11	0.044465
12	0.048381
13	0.052297
14	0.056213
15	0.060129
16	0.064046
17	0.067962
18	0.071878
19	0.075794
20	0.07971
21	0.083626
22	0.087542
23	0.091458
24	0.095375
25	0.099291
26	0.10321
27	0.10712
28	0.11104
29	0.11496
30	0.11887
31	0.12279
32	0.1267
33	0.13062
34	0.13454
35	0.13845
36	0.14237
37	0.14628
38	0.1502
39	0.15412
40	0.15803
41	0.16195
42	0.16586
43	0.16978
44	0.1737
45	0.17761
46	0.18153
47	0.18545
48	0.18936
49	0.19328
50	0.19719
51	0.20111
52	0.20503
53	0.20894
54	0.21286
55	0.21677
56	0.22069
57	0.22461
58	0.22852
59	0.23244
60	0.23636
61	0.24027
62	0.24419
63	0.2481
64	0.25202
65	0.25594
66	0.25985
67	0.26377
68	0.26768
69	0.2716
70	0.27552
71	0.27943
72	0.28335
73	0.28726
74	0.29118
75	0.2951
76	0.29901
77	0.30293
78	0.30685
79	0.31076
80	0.31468
81	0.31859
82	0.32251
83	0.32643
84	0.33034
85	0.33426
86	0.33817
87	0.34209
88	0.34601
89	0.34992
90	0.35384
91	0.35776
92	0.36167
93	0.36559
94	0.3695
95	0.37342
96	0.37734
97	0.38125
98	0.38517
99	0.38908
100	0.393
101	0.39692
102	0.40083
103	0.40475
104	0.40866
105	0.41258
106	0.4165
107	0.42041
108	0.42433
109	0.42825
110	0.43216
111	0.43608
112	0.43999
113	0.44391
114	0.44783
115	0.45174
116	0.45566
117	0.45957
118	0.46349
119	0.46741
120	0.47132
121	0.47524
122	0.47916
123	0.48307
124	0.48699
125	0.4909
126	0.49482
127	0.49874
128	0.50265
129	0.50657
130	0.51048
131	0.5144
132	0.51832
133	0.52223
134	0.52615
135	0.53006
136	0.53398
137	0.5379
138	0.54181
139	0.54573
140	0.54965
141	0.55356
142	0.55748
143	0.56139
144	0.56531
145	0.56923
146	0.57314
147	0.57706
148	0.58097
149	0.58489
150	0.58881
151	0.59272
152	0.59664
153	0.60056
154	0.60447
155	0.60839
156	0.6123
157	0.61622
158	0.62014
159	0.62405
160	0.62797
161	0.63188
162	0.6358
163	0.63972
164	0.64363
165	0.64755
166	0.65146
167	0.65538
168	0.6593
169	0.66321
170	0.66713
171	0.67105
172	0.67496
173	0.67888
174	0.68279
175	0.68671
176	0.69063
177	0.69454
178	0.69846
179	0.70237
180	0.70629
181	0.71021
182	0.71412
183	0.71804
184	0.72195
185	0.72587
186	0.72979
187	0.7337
188	0.73762
189	0.74154
190	0.74545
191	0.74937
192	0.75328
193	0.7572
194	0.76112
195	0.76503
196	0.76895
197	0.77286
198	0.77678
199	0.7807
200	0.78461
201	0.78853
202	0.79245
203	0.79636
204	0.80028
205	0.80419
206	0.80811
207	0.81203
208	0.81594
209	0.81986
210	0.82377
211	0.82769
212	0.83161
213	0.83552
214	0.83944
215	0.84335
216	0.84727
217	0.85119
218	0.8551
219	0.85902
220	0.86294
221	0.86685
222	0.87077
223	0.87468
224	0.8786
225	0.88252
226	0.88643
227	0.89035
228	0.89426
229	0.89818
230	0.9021
231	0.90601
232	0.90993
233	0.91385
234	0.91776
235	0.92168
236	0.92559
237	0.92951
238	0.93343
239	0.93734
240	0.94126
241	0.94517
242	0.94909
243	0.95301
244	0.95692
245	0.96084
246	0.96475
247	0.96867
248	0.97259
249	0.9765
250	0.98042
251	0.98434
252	0.98825
253	0.99217
254	0.99608
255	1
