201	0
202	0.0050641
203	0.013167
204	0.018569
205	0.027346
206	0.032411
207	0.037475
208	0.04524
209	0.050641
210	0.058069
211	0.064483
212	0.072248
213	0.079338
214	0.087779
215	0.095544
216	0.098582
217	0.1077
218	0.11445
219	0.12019
220	0.12728
221	0.13606
222	0.14112
223	0.15091
224	0.15496
225	0.1634
226	0.1688
227	0.17589
228	0.18704
229	0.19716
230	0.20122
231	0.21202
232	0.21945
233	0.2262
234	0.23666
235	0.24375
236	0.25422
237	0.25928
238	0.2684
239	0.27988
240	0.28427
241	0.28832
242	0.29338
243	0.30216
244	0.30891
245	0.31938
246	0.32647
247	0.33491
248	0.342
249	0.34639
250	0.35449
251	0.36394
252	0.37002
253	0.38082
254	0.38893
255	0.40176
