201	0.59824
202	0.623
203	0.64592
204	0.65666
205	0.67075
206	0.67769
207	0.68403
208	0.69283
209	0.69845
210	0.70562
211	0.7114
212	0.71796
213	0.7236
214	0.72995
215	0.73548
216	0.73757
217	0.74363
218	0.74793
219	0.75147
220	0.7557
221	0.76076
222	0.76359
223	0.76891
224	0.77105
225	0.7754
226	0.77812
227	0.78161
228	0.78694
229	0.79162
230	0.79345
231	0.79824
232	0.80145
233	0.80431
234	0.80866
235	0.81153
236	0.81569
237	0.81767
238	0.82117
239	0.82548
240	0.82711
241	0.82859
242	0.83043
243	0.83357
244	0.83595
245	0.83958
246	0.842
247	0.84485
248	0.8472
249	0.84865
250	0.85129
251	0.85432
252	0.85624
253	0.85962
254	0.86212
255	0.86601
