201	246.71
202	247.48
203	248.27
204	249.06
205	249.85
206	250.65
207	251.45
208	252.26
209	253.07
210	253.89
211	254.72
212	255.55
213	256.38
214	257.22
215	258.07
216	258.92
217	259.77
218	260.63
219	261.5
220	262.37
221	263.24
222	264.12
223	265.01
224	265.9
225	266.8
226	267.7
227	268.61
228	269.52
229	270.44
230	271.36
231	272.29
232	273.23
233	274.17
234	275.11
235	276.06
236	277.02
237	277.98
238	278.94
239	279.92
240	280.89
241	281.88
242	282.86
243	283.86
244	284.85
245	285.86
246	286.87
247	287.88
248	288.9
249	289.93
250	290.96
251	292
252	293.04
253	294.09
254	295.14
255	296.2
