201	0.23466
202	0.21553
203	0.19761
204	0.19055
205	0.17948
206	0.17517
207	0.17118
208	0.1645
209	0.16086
210	0.15552
211	0.15148
212	0.14656
213	0.14248
214	0.13763
215	0.13354
216	0.13283
217	0.1281
218	0.1251
219	0.12282
220	0.1198
221	0.11593
222	0.11425
223	0.11007
224	0.10904
225	0.10577
226	0.10411
227	0.10166
228	0.097355
229	0.093676
230	0.092829
231	0.089013
232	0.086761
233	0.08484
234	0.081428
235	0.079467
236	0.076211
237	0.075127
238	0.072506
239	0.069064
240	0.068303
241	0.067671
242	0.066675
243	0.064365
244	0.062809
245	0.059994
246	0.058382
247	0.056341
248	0.054779
249	0.054123
250	0.052265
251	0.050006
252	0.048848
253	0.04623
254	0.044489
255	0.041346
