0	0.4579
1	0.6209
2	0.7898
3	1.0267
4	1.2125
5	1.327
6	1.5766
7	1.8498
8	2.0005
9	2.151
10	2.493
11	2.6616
12	2.8589
13	3.0607
14	3.476
15	3.6981
16	3.9265
17	4.1713
18	4.4186
19	4.9472
20	5.2258
21	5.5221
22	5.8269
23	6.1273
24	6.4297
25	6.7465
26	7.0862
27	7.3934
28	7.6909
29	8.0679
30	8.4339
31	8.7843
32	8.7857
33	9.1751
34	9.571
35	9.9668
36	10.388
37	10.815
38	11.23
39	11.202
40	11.707
41	12.144
42	12.648
43	13.115
44	13.575
45	13.598
46	14.107
47	14.575
48	15.114
49	15.638
50	16.318
51	16.387
52	16.871
53	17.466
54	18.016
55	18.585
56	19.165
57	19.183
58	19.742
59	20.386
60	20.927
61	21.621
62	21.584
63	22.224
64	22.913
65	23.604
66	24.27
67	24.278
68	24.994
69	25.7
70	26.332
71	27.081
72	27.087
73	27.815
74	28.551
75	29.283
76	30.053
77	30.071
78	30.816
79	31.587
80	32.37
81	32.399
82	33.192
83	34.036
84	34.833
85	35.699
86	35.685
87	36.527
88	37.333
89	38.306
90	39.11
91	39.15
92	40.054
93	40.946
94	41.808
95	42.793
96	43.704
97	43.688
98	44.633
99	45.572
100	46.547
101	47.516
102	47.574
103	48.57
104	49.505
105	50.488
106	51.529
107	52.55
108	52.572
109	53.641
110	54.733
111	55.794
112	56.928
113	57.983
114	58.051
115	59.163
116	60.183
117	61.348
118	62.468
119	63.602
120	63.654
121	64.796
122	65.975
123	67.156
124	68.233
125	69.545
126	70.783
127	70.753
128	72.001
129	73.615
130	74.787
131	76.019
132	77.343
133	77.373
134	78.631
135	79.963
136	81.341
137	82.63
138	83.902
139	85.19
140	86.657
141	86.682
142	88.003
143	89.424
144	90.611
145	91.895
146	93.306
147	94.681
148	96.13
149	97.51
150	97.589
151	99.076
152	100.43
153	102.07
154	103.43
155	104.91
156	106.49
157	107.9
158	109.63
159	111.11
160	112.63
161	114.2
162	115.69
163	115.7
164	117.35
165	119.07
166	120.7
167	122.24
168	123.9
169	125.59
170	127.15
171	128.96
172	130.61
173	132.37
174	133.98
175	135.93
176	137.7
177	139.41
178	141.41
179	143.09
180	144.83
181	146.73
182	148.52
183	150.31
184	152.11
185	154.11
186	155.91
187	157.73
188	159.55
189	161.62
190	163.33
191	165.29
192	167.27
193	169.22
194	171.31
195	173.53
196	175.48
197	177.97
198	178.1
199	180.22
200	182.3
201	184.15
202	186.34
203	190.52
204	192.64
205	194.73
206	196.62
207	198.98
208	200.92
209	203.04
210	205.31
211	207.73
212	210.04
213	211.95
214	214.34
215	216.63
216	218.87
217	221.01
218	223.22
219	225.73
220	227.87
221	230.42
222	232.87
223	237.52
224	239.78
225	242.25
226	244.65
227	247.21
228	249.28
229	251.88
230	254.05
231	259.19
232	261.36
233	264.07
234	266.57
235	269.15
236	271.6
237	276.65
238	279.05
239	281.17
240	283.68
241	286.64
242	289.21
243	291.81
244	294.4
245	299.36
246	302.37
247	305.24
248	308.1
249	310.78
250	313.73
251	319.3
252	321.76
253	324.77
254	327.09
255	330.01
