0	0.0013875
1	0.0013875
2	0.005884
3	0.020837
4	0.030133
5	0.035205
6	0.045049
7	0.054446
8	0.059171
9	0.063629
10	0.072964
11	0.07723
12	0.081986
13	0.086621
14	0.095538
15	0.10001
16	0.10444
17	0.10899
18	0.11341
19	0.12236
20	0.12683
21	0.13142
22	0.13598
23	0.14032
24	0.14457
25	0.14888
26	0.15337
27	0.15731
28	0.16103
29	0.16562
30	0.16995
31	0.17399
32	0.17401
33	0.17838
34	0.18272
35	0.18694
36	0.19132
37	0.19565
38	0.19977
39	0.19949
40	0.20438
41	0.20851
42	0.21316
43	0.21737
44	0.22143
45	0.22163
46	0.22602
47	0.22998
48	0.23444
49	0.23869
50	0.24407
51	0.24461
52	0.24835
53	0.25286
54	0.25695
55	0.26111
56	0.26526
57	0.26539
58	0.26932
59	0.27377
60	0.27745
61	0.28208
62	0.28183
63	0.28603
64	0.29047
65	0.29484
66	0.29898
67	0.29903
68	0.30341
69	0.30765
70	0.31139
71	0.31576
72	0.31579
73	0.31997
74	0.32412
75	0.32819
76	0.33241
77	0.3325
78	0.33652
79	0.34062
80	0.34472
81	0.34487
82	0.34896
83	0.35325
84	0.35725
85	0.36153
86	0.36146
87	0.36557
88	0.36944
89	0.37406
90	0.37782
91	0.37801
92	0.38218
93	0.38624
94	0.39012
95	0.39449
96	0.39849
97	0.39842
98	0.40251
99	0.40652
100	0.41064
101	0.41468
102	0.41492
103	0.41902
104	0.42283
105	0.42678
106	0.43092
107	0.43493
108	0.43502
109	0.43917
110	0.44336
111	0.44738
112	0.45164
113	0.45555
114	0.4558
115	0.45987
116	0.46357
117	0.46775
118	0.47172
119	0.4757
120	0.47589
121	0.47985
122	0.4839
123	0.48792
124	0.49154
125	0.49592
126	0.5
127	0.4999
128	0.50397
129	0.50918
130	0.51292
131	0.51681
132	0.52095
133	0.52105
134	0.52494
135	0.52903
136	0.53322
137	0.53709
138	0.54089
139	0.54469
140	0.54899
141	0.54906
142	0.55289
143	0.55697
144	0.56035
145	0.56398
146	0.56793
147	0.57175
148	0.57574
149	0.57951
150	0.57972
151	0.58374
152	0.58737
153	0.59173
154	0.59532
155	0.59919
156	0.60328
157	0.60691
158	0.61132
159	0.61506
160	0.61887
161	0.62278
162	0.62646
163	0.62648
164	0.63052
165	0.6347
166	0.63862
167	0.6423
168	0.64624
169	0.65021
170	0.65386
171	0.65805
172	0.66184
173	0.66586
174	0.6695
175	0.67388
176	0.67783
177	0.68161
178	0.686
179	0.68966
180	0.69343
181	0.69751
182	0.70132
183	0.70511
184	0.7089
185	0.71307
186	0.7168
187	0.72054
188	0.72426
189	0.72846
190	0.73191
191	0.73584
192	0.73977
193	0.74362
194	0.74772
195	0.75204
196	0.75581
197	0.76059
198	0.76084
199	0.76488
200	0.76881
201	0.77228
202	0.77637
203	0.7841
204	0.78798
205	0.79178
206	0.7952
207	0.79944
208	0.8029
209	0.80666
210	0.81066
211	0.8149
212	0.81892
213	0.82223
214	0.82634
215	0.83025
216	0.83406
217	0.83767
218	0.84138
219	0.84557
220	0.84912
221	0.85332
222	0.85733
223	0.86488
224	0.86852
225	0.87247
226	0.87629
227	0.88034
228	0.8836
229	0.88767
230	0.89104
231	0.89897
232	0.90229
233	0.90642
234	0.9102
235	0.91408
236	0.91775
237	0.92525
238	0.92878
239	0.93189
240	0.93555
241	0.93984
242	0.94355
243	0.94728
244	0.95098
245	0.95801
246	0.96224
247	0.96625
248	0.97023
249	0.97394
250	0.97799
251	0.9856
252	0.98893
253	0.99299
254	0.9961
255	1
