0	0
1	0.00049461
2	0.0010071
3	0.001726
4	0.0022898
5	0.0026372
6	0.0033946
7	0.0042236
8	0.0046809
9	0.0051376
10	0.0061754
11	0.006687
12	0.0072856
13	0.007898
14	0.0091582
15	0.0098321
16	0.010525
17	0.011268
18	0.012018
19	0.013622
20	0.014468
21	0.015367
22	0.016292
23	0.017203
24	0.018121
25	0.019082
26	0.020113
27	0.021045
28	0.021948
29	0.023092
30	0.024203
31	0.025266
32	0.02527
33	0.026452
34	0.027653
35	0.028854
36	0.030132
37	0.031428
38	0.032687
39	0.032602
40	0.034135
41	0.035461
42	0.03699
43	0.038407
44	0.039803
45	0.039873
46	0.041417
47	0.042837
48	0.044473
49	0.046063
50	0.048126
51	0.048336
52	0.049804
53	0.05161
54	0.053279
55	0.055005
56	0.056765
57	0.05682
58	0.058516
59	0.06047
60	0.062112
61	0.064218
62	0.064105
63	0.066048
64	0.068138
65	0.070235
66	0.072256
67	0.07228
68	0.074453
69	0.076595
70	0.078513
71	0.080786
72	0.080804
73	0.083013
74	0.085246
75	0.087468
76	0.089804
77	0.089859
78	0.092119
79	0.094459
80	0.096835
81	0.096923
82	0.099329
83	0.10189
84	0.10431
85	0.10694
86	0.10689
87	0.10945
88	0.11189
89	0.11485
90	0.11729
91	0.11741
92	0.12015
93	0.12286
94	0.12547
95	0.12846
96	0.13123
97	0.13118
98	0.13405
99	0.1369
100	0.13985
101	0.14279
102	0.14297
103	0.14599
104	0.14883
105	0.15181
106	0.15497
107	0.15807
108	0.15814
109	0.16138
110	0.16469
111	0.16791
112	0.17135
113	0.17456
114	0.17476
115	0.17814
116	0.18123
117	0.18477
118	0.18816
119	0.19161
120	0.19176
121	0.19523
122	0.19881
123	0.20239
124	0.20566
125	0.20964
126	0.2134
127	0.2133
128	0.21709
129	0.22199
130	0.22555
131	0.22928
132	0.2333
133	0.23339
134	0.23721
135	0.24125
136	0.24543
137	0.24934
138	0.2532
139	0.25711
140	0.26156
141	0.26164
142	0.26565
143	0.26996
144	0.27356
145	0.27746
146	0.28174
147	0.28591
148	0.29031
149	0.2945
150	0.29474
151	0.29925
152	0.30336
153	0.30833
154	0.31246
155	0.31695
156	0.32175
157	0.32602
158	0.33127
159	0.33577
160	0.34038
161	0.34514
162	0.34966
163	0.34969
164	0.3547
165	0.35992
166	0.36487
167	0.36954
168	0.37458
169	0.3797
170	0.38444
171	0.38993
172	0.39494
173	0.40028
174	0.40516
175	0.41108
176	0.41645
177	0.42164
178	0.42771
179	0.43281
180	0.43809
181	0.44385
182	0.44928
183	0.45471
184	0.46018
185	0.46625
186	0.47171
187	0.47723
188	0.48275
189	0.48903
190	0.49422
191	0.50017
192	0.50618
193	0.5121
194	0.51844
195	0.52517
196	0.53109
197	0.53865
198	0.53904
199	0.54547
200	0.55179
201	0.5574
202	0.56404
203	0.57673
204	0.58316
205	0.5895
206	0.59524
207	0.6024
208	0.60829
209	0.61472
210	0.62161
211	0.62895
212	0.63596
213	0.64176
214	0.64901
215	0.65596
216	0.66275
217	0.66925
218	0.67595
219	0.68357
220	0.69006
221	0.6978
222	0.70524
223	0.71935
224	0.7262
225	0.7337
226	0.74098
227	0.74875
228	0.75503
229	0.76292
230	0.76951
231	0.7851
232	0.79169
233	0.79991
234	0.8075
235	0.81533
236	0.82276
237	0.83808
238	0.84537
239	0.8518
240	0.85942
241	0.8684
242	0.8762
243	0.88409
244	0.89194
245	0.90699
246	0.91613
247	0.92484
248	0.93352
249	0.94165
250	0.9506
251	0.9675
252	0.97497
253	0.9841
254	0.99114
255	1
