0	0.4579
1	0.55793
2	0.65796
3	0.75798
4	0.85801
5	0.95804
6	1.0581
7	1.1581
8	1.2581
9	1.3582
10	1.4582
11	1.5608
12	1.6695
13	1.7843
14	1.9051
15	2.0322
16	2.1655
17	2.3052
18	2.4513
19	2.604
20	2.7633
21	2.9292
22	3.102
23	3.2815
24	3.468
25	3.6615
26	3.8621
27	4.0698
28	4.2847
29	4.5069
30	4.7365
31	4.9735
32	5.2179
33	5.4699
34	5.7295
35	5.9968
36	6.2718
37	6.5547
38	6.8454
39	7.144
40	7.4507
41	7.7654
42	8.0881
43	8.4191
44	8.7583
45	9.1057
46	9.4616
47	9.8258
48	10.198
49	10.58
50	10.969
51	11.368
52	11.775
53	12.19
54	12.615
55	13.048
56	13.49
57	13.942
58	14.402
59	14.871
60	15.349
61	15.836
62	16.333
63	16.839
64	17.354
65	17.878
66	18.412
67	18.955
68	19.508
69	20.07
70	20.642
71	21.223
72	21.814
73	22.415
74	23.025
75	23.645
76	24.275
77	24.915
78	25.565
79	26.225
80	26.895
81	27.574
82	28.264
83	28.964
84	29.675
85	30.395
86	31.126
87	31.867
88	32.618
89	33.38
90	34.152
91	34.934
92	35.728
93	36.531
94	37.345
95	38.17
96	39.006
97	39.852
98	40.709
99	41.577
100	42.455
101	43.345
102	44.245
103	45.156
104	46.078
105	47.012
106	47.956
107	48.911
108	49.877
109	50.855
110	51.844
111	52.844
112	53.855
113	54.878
114	55.911
115	56.957
116	58.013
117	59.081
118	60.161
119	61.252
120	62.355
121	63.469
122	64.595
123	65.732
124	66.881
125	68.042
126	69.215
127	70.399
128	71.595
129	72.803
130	74.023
131	75.255
132	76.499
133	77.755
134	79.022
135	80.302
136	81.594
137	82.898
138	84.214
139	85.543
140	86.883
141	88.236
142	89.601
143	90.978
144	92.368
145	93.77
146	95.185
147	96.612
148	98.051
149	99.503
150	100.97
151	102.44
152	103.93
153	105.44
154	106.95
155	108.48
156	110.02
157	111.57
158	113.14
159	114.71
160	116.31
161	117.91
162	119.53
163	121.16
164	122.8
165	124.46
166	126.12
167	127.81
168	129.5
169	131.21
170	132.93
171	134.66
172	136.41
173	138.17
174	139.95
175	141.73
176	143.53
177	145.35
178	147.17
179	149.02
180	150.87
181	152.74
182	154.62
183	156.51
184	158.42
185	160.34
186	162.27
187	164.22
188	166.19
189	168.16
190	170.15
191	172.15
192	174.17
193	176.2
194	178.24
195	180.3
196	182.37
197	184.46
198	186.56
199	188.67
200	190.8
201	192.94
202	195.1
203	197.27
204	199.45
205	201.65
206	203.86
207	206.09
208	208.33
209	210.58
210	212.85
211	215.13
212	217.43
213	219.74
214	222.06
215	224.4
216	226.76
217	229.12
218	231.51
219	233.9
220	236.32
221	238.74
222	241.18
223	243.64
224	246.11
225	248.59
226	251.09
227	253.6
228	256.13
229	258.67
230	261.23
231	263.8
232	266.39
233	268.99
234	271.61
235	274.24
236	276.89
237	279.55
238	282.22
239	284.91
240	287.62
241	290.34
242	293.07
243	295.83
244	298.59
245	301.37
246	304.17
247	306.98
248	309.8
249	312.64
250	315.5
251	318.37
252	321.26
253	324.16
254	327.08
255	330.01
