0	0.1638
1	0.1619
2	0.1597
3	0.1609
4	0.1636
5	0.1606
6	0.1639
7	0.1614
8	0.1715
9	0.1825
10	0.2009
11	0.2177
12	0.2567
13	0.3067
14	0.3724
15	0.404
16	0.5125
17	0.557
18	0.6122
19	0.7344
20	0.7955
21	1.033
22	1.144
23	1.263
24	1.51
25	1.641
26	1.784
27	1.925
28	2.367
29	2.524
30	2.677
31	3.008
32	3.194
33	3.385
34	3.579
35	3.766
36	4.383
37	4.594
38	4.831
39	5.016
40	5.335
41	5.504
42	5.934
43	6.2
44	6.45
45	6.719
46	7.253
47	7.532
48	7.865
49	8.362
50	8.711
51	8.923
52	9.227
53	9.62
54	9.9
55	10.22
56	10.55
57	11.26
58	11.62
59	12.38
60	12.71
61	13.05
62	13.41
63	13.79
64	14.1
65	14.39
66	14.86
67	15.13
68	15.55
69	15.95
70	16.26
71	16.66
72	17.33
73	17.89
74	18.31
75	18.68
76	19.14
77	19.51
78	19.98
79	20.39
80	20.85
81	21.28
82	21.68
83	22.23
84	22.58
85	23.16
86	23.6
87	24.04
88	24.45
89	25.03
90	25.37
91	25.98
92	27.03
93	27.54
94	27.99
95	28.49
96	29.12
97	29.49
98	30.04
99	30.56
100	31.11
101	31.62
102	32.3
103	32.9
104	33.47
105	34.1
106	34.71
107	35.19
108	35.92
109	37.15
110	37.71
111	38.34
112	38.24
113	38.99
114	40.07
115	40.87
116	41.48
117	42.17
118	42.82
119	44.09
120	44.11
121	45.07
122	45.84
123	46.3
124	47.21
125	48.27
126	48.14
127	49.02
128	49.2
129	49.76
130	51.11
131	51.69
132	53.04
133	52.69
134	54.67
135	55.23
136	54.56
137	54.56
138	56.75
139	56.84
140	58.11
141	58.04
142	58.53
143	59.49
144	61.38
145	61.38
146	61.36
147	63.14
148	64.74
149	64.25
150	64.63
151	66.45
152	68.09
153	68.04
154	68.57
155	69.76
156	70.1
157	70.82
158	71.28
159	72.17
160	73.88
161	74.16
162	75.45
163	75.55
164	75.85
165	77.39
166	77.5
167	79.52
168	79.88
169	80.92
170	80.97
171	81.76
172	83.61
173	84.33
174	84.83
175	86.81
176	85.63
177	86.8
178	87.89
179	89.34
180	91.55
181	91.18
182	93.04
183	92.2
184	92.62
185	95.1
186	95.79
187	96.63
188	97.99
189	97.26
190	98.96
191	100.5
192	101.4
193	101.7
194	103.3
195	103.2
196	104.5
197	105.1
198	106.6
199	107.8
200	110
201	109.2
202	110.9
203	113.2
204	114.6
205	114.9
206	116.6
207	116.2
208	116.7
209	118.3
210	120.6
211	122.2
212	123.1
213	122.9
214	124
215	124.6
216	126.2
217	126.4
218	128.8
219	129
220	130.9
221	130.8
222	133.3
223	131.7
224	134.8
225	135.8
226	136.7
227	138.7
228	138.4
229	138.7
230	141.4
231	143.6
232	143.5
233	145
234	145.2
235	147.7
236	147.3
237	150.6
238	152
239	152.4
240	153.9
241	155.8
242	157.9
243	158.1
244	160.6
245	160.5
246	162.9
247	165.7
248	164.3
249	166.1
250	167.6
251	166.5
252	167.9
253	168
254	165.6
255	166.8
