0	0.29965
1	0.3248
2	0.35241
3	0.38255
4	0.41526
5	0.45062
6	0.48868
7	0.52949
8	0.57312
9	0.61961
10	0.66901
11	0.72138
12	0.77677
13	0.83521
14	0.89676
15	0.96147
16	1.0294
17	1.1005
18	1.1749
19	1.2527
20	1.3338
21	1.4183
22	1.5063
23	1.5978
24	1.6928
25	1.7913
26	1.8935
27	1.9992
28	2.1087
29	2.2219
30	2.3388
31	2.4595
32	2.584
33	2.7123
34	2.8445
35	2.9807
36	3.1207
37	3.2648
38	3.4128
39	3.5649
40	3.7211
41	3.8814
42	4.0458
43	4.2143
44	4.3871
45	4.564
46	4.7452
47	4.9307
48	5.1205
49	5.3147
50	5.5131
51	5.716
52	5.9233
53	6.135
54	6.3512
55	6.5719
56	6.7972
57	7.0269
58	7.2613
59	7.5002
60	7.7438
61	7.992
62	8.2449
63	8.5025
64	8.7648
65	9.0318
66	9.3037
67	9.5803
68	9.8618
69	10.148
70	10.439
71	10.735
72	11.036
73	11.342
74	11.653
75	11.969
76	12.29
77	12.616
78	12.947
79	13.283
80	13.624
81	13.97
82	14.321
83	14.678
84	15.04
85	15.407
86	15.779
87	16.156
88	16.539
89	16.927
90	17.32
91	17.719
92	18.122
93	18.532
94	18.946
95	19.367
96	19.792
97	20.223
98	20.66
99	21.101
100	21.549
101	22.002
102	22.46
103	22.924
104	23.394
105	23.869
106	24.35
107	24.837
108	25.329
109	25.827
110	26.33
111	26.84
112	27.355
113	27.876
114	28.402
115	28.934
116	29.473
117	30.017
118	30.566
119	31.122
120	31.684
121	32.251
122	32.824
123	33.404
124	33.989
125	34.58
126	35.177
127	35.781
128	36.39
129	37.005
130	37.626
131	38.254
132	38.887
133	39.527
134	40.172
135	40.824
136	41.482
137	42.146
138	42.817
139	43.493
140	44.176
141	44.865
142	45.56
143	46.262
144	46.969
145	47.683
146	48.404
147	49.131
148	49.864
149	50.603
150	51.349
151	52.101
152	52.86
153	53.625
154	54.396
155	55.174
156	55.958
157	56.749
158	57.547
159	58.351
160	59.161
161	59.978
162	60.802
163	61.632
164	62.468
165	63.312
166	64.162
167	65.018
168	65.881
169	66.751
170	67.628
171	68.511
172	69.401
173	70.298
174	71.201
175	72.111
176	73.028
177	73.952
178	74.882
179	75.82
180	76.764
181	77.715
182	78.673
183	79.637
184	80.609
185	81.587
186	82.573
187	83.565
188	84.564
189	85.57
190	86.584
191	87.604
192	88.631
193	89.665
194	90.706
195	91.754
196	92.809
197	93.872
198	94.941
199	96.017
200	97.101
201	98.192
202	99.289
203	100.39
204	101.51
205	102.63
206	103.75
207	104.89
208	106.03
209	107.17
210	108.33
211	109.49
212	110.66
213	111.84
214	113.02
215	114.21
216	115.41
217	116.62
218	117.83
219	119.05
220	120.28
221	121.52
222	122.76
223	124.01
224	125.27
225	126.53
226	127.81
227	129.09
228	130.37
229	131.67
230	132.97
231	134.28
232	135.6
233	136.92
234	138.26
235	139.6
236	140.94
237	142.3
238	143.66
239	145.03
240	146.41
241	147.8
242	149.19
243	150.59
244	152
245	153.41
246	154.84
247	156.27
248	157.71
249	159.16
250	160.61
251	162.07
252	163.54
253	165.02
254	166.51
255	168
