0	2.4405e-05
1	1.3095e-05
2	0
3	7.1429e-06
4	2.3214e-05
5	5.3571e-06
6	2.5e-05
7	1.0119e-05
8	7.0238e-05
9	0.00013571
10	0.00024524
11	0.00034524
12	0.00057738
13	0.000875
14	0.0012661
15	0.0014542
16	0.0021
17	0.0023649
18	0.0026935
19	0.0034208
20	0.0037845
21	0.0051982
22	0.0058589
23	0.0065673
24	0.0080375
25	0.0088173
26	0.0096685
27	0.010508
28	0.013139
29	0.014073
30	0.014984
31	0.016954
32	0.018061
33	0.019198
34	0.020353
35	0.021466
36	0.025139
37	0.026395
38	0.027805
39	0.028907
40	0.030805
41	0.031811
42	0.034371
43	0.035954
44	0.037442
45	0.039043
46	0.042222
47	0.043883
48	0.045865
49	0.048823
50	0.050901
51	0.052163
52	0.053972
53	0.056311
54	0.057978
55	0.059883
56	0.061847
57	0.066073
58	0.068216
59	0.07274
60	0.074704
61	0.076728
62	0.078871
63	0.081133
64	0.082978
65	0.084704
66	0.087502
67	0.089109
68	0.091609
69	0.09399
70	0.095835
71	0.098216
72	0.1022
73	0.10554
74	0.10804
75	0.11024
76	0.11298
77	0.11518
78	0.11798
79	0.12042
80	0.12316
81	0.12572
82	0.1281
83	0.13137
84	0.13345
85	0.13691
86	0.13953
87	0.14214
88	0.14459
89	0.14804
90	0.15006
91	0.15369
92	0.15994
93	0.16298
94	0.16566
95	0.16863
96	0.17238
97	0.17459
98	0.17786
99	0.18095
100	0.18423
101	0.18726
102	0.19131
103	0.19488
104	0.19828
105	0.20203
106	0.20566
107	0.20851
108	0.21286
109	0.22018
110	0.22351
111	0.22726
112	0.22667
113	0.23113
114	0.23756
115	0.24232
116	0.24595
117	0.25006
118	0.25393
119	0.26149
120	0.26161
121	0.26732
122	0.27191
123	0.27464
124	0.28006
125	0.28637
126	0.2856
127	0.29084
128	0.29191
129	0.29524
130	0.30328
131	0.30673
132	0.31476
133	0.31268
134	0.32447
135	0.3278
136	0.32381
137	0.32381
138	0.33685
139	0.33738
140	0.34494
141	0.34453
142	0.34744
143	0.35316
144	0.36441
145	0.36441
146	0.36429
147	0.37488
148	0.38441
149	0.38149
150	0.38375
151	0.39459
152	0.40435
153	0.40405
154	0.4072
155	0.41429
156	0.41631
157	0.4206
158	0.42334
159	0.42863
160	0.43881
161	0.44048
162	0.44816
163	0.44875
164	0.45054
165	0.4597
166	0.46036
167	0.47238
168	0.47453
169	0.48072
170	0.48101
171	0.48572
172	0.49673
173	0.50101
174	0.50399
175	0.51578
176	0.50875
177	0.51572
178	0.5222
179	0.53084
180	0.54399
181	0.54179
182	0.55286
183	0.54786
184	0.55036
185	0.56512
186	0.56923
187	0.57423
188	0.58232
189	0.57798
190	0.5881
191	0.59726
192	0.60262
193	0.60441
194	0.61393
195	0.61334
196	0.62107
197	0.62464
198	0.63357
199	0.64072
200	0.65381
201	0.64905
202	0.65917
203	0.67286
204	0.68119
205	0.68298
206	0.6931
207	0.69072
208	0.69369
209	0.70322
210	0.71691
211	0.72643
212	0.73179
213	0.7306
214	0.73714
215	0.74072
216	0.75024
217	0.75143
218	0.76572
219	0.76691
220	0.77822
221	0.77762
222	0.7925
223	0.78298
224	0.80143
225	0.80738
226	0.81274
227	0.82464
228	0.82286
229	0.82464
230	0.84072
231	0.85381
232	0.85322
233	0.86214
234	0.86334
235	0.87822
236	0.87584
237	0.89548
238	0.90381
239	0.90619
240	0.91512
241	0.92643
242	0.93893
243	0.94012
244	0.955
245	0.95441
246	0.96869
247	0.98536
248	0.97703
249	0.98774
250	0.99667
251	0.99012
252	0.99845
253	0.99905
254	0.98476
255	0.99191
