0	0.0009506
1	0.0009506
2	0.0009506
3	0.0009506
4	0.0009506
5	0.0009506
6	0.0009506
7	0.0009506
8	0.0009506
9	0.0009506
10	0.0009506
11	0.0009506
12	0.0009506
13	0.0020658
14	0.011396
15	0.015281
16	0.026744
17	0.030841
18	0.035567
19	0.044948
20	0.049202
21	0.063794
22	0.069815
23	0.075845
24	0.087248
25	0.092804
26	0.09855
27	0.10393
28	0.11934
29	0.12438
30	0.1291
31	0.13877
32	0.14392
33	0.14902
34	0.15402
35	0.15869
36	0.17315
37	0.17782
38	0.1829
39	0.18676
40	0.19323
41	0.19656
42	0.20478
43	0.20968
44	0.21417
45	0.21889
46	0.22794
47	0.23251
48	0.23783
49	0.24553
50	0.25077
51	0.2539
52	0.25831
53	0.26388
54	0.26776
55	0.27213
56	0.27654
57	0.28577
58	0.29032
59	0.29966
60	0.3036
61	0.30761
62	0.31178
63	0.31612
64	0.3196
65	0.32282
66	0.32796
67	0.33087
68	0.33533
69	0.33951
70	0.34271
71	0.34679
72	0.35349
73	0.35898
74	0.36303
75	0.36655
76	0.37087
77	0.3743
78	0.37861
79	0.38231
80	0.38642
81	0.39021
82	0.3937
83	0.39843
84	0.4014
85	0.40628
86	0.40993
87	0.41353
88	0.41686
89	0.42151
90	0.42421
91	0.429
92	0.43709
93	0.44095
94	0.44432
95	0.44804
96	0.45266
97	0.45534
98	0.4593
99	0.46301
100	0.46688
101	0.47044
102	0.47514
103	0.47923
104	0.48308
105	0.48729
106	0.49132
107	0.49446
108	0.4992
109	0.50705
110	0.51057
111	0.5145
112	0.51388
113	0.51851
114	0.52509
115	0.5299
116	0.53353
117	0.5376
118	0.5414
119	0.54872
120	0.54883
121	0.55428
122	0.55861
123	0.56117
124	0.5662
125	0.57198
126	0.57128
127	0.57603
128	0.577
129	0.57999
130	0.58712
131	0.59015
132	0.59713
133	0.59533
134	0.60542
135	0.60823
136	0.60486
137	0.60486
138	0.61579
139	0.61623
140	0.62245
141	0.62211
142	0.62449
143	0.62912
144	0.6381
145	0.6381
146	0.63801
147	0.64632
148	0.65368
149	0.65144
150	0.65318
151	0.66143
152	0.66875
153	0.66853
154	0.67087
155	0.6761
156	0.67759
157	0.68071
158	0.6827
159	0.68653
160	0.69381
161	0.69499
162	0.7004
163	0.70082
164	0.70207
165	0.70844
166	0.70889
167	0.71713
168	0.71859
169	0.72277
170	0.72297
171	0.72613
172	0.73345
173	0.73628
174	0.73823
175	0.7459
176	0.74134
177	0.74586
178	0.75003
179	0.75554
180	0.76384
181	0.76246
182	0.76937
183	0.76626
184	0.76782
185	0.77693
186	0.77944
187	0.78249
188	0.78738
189	0.78476
190	0.79085
191	0.79631
192	0.79948
193	0.80053
194	0.80612
195	0.80577
196	0.81027
197	0.81234
198	0.81748
199	0.82156
200	0.82897
201	0.82628
202	0.83198
203	0.8396
204	0.84419
205	0.84517
206	0.8507
207	0.8494
208	0.85102
209	0.85618
210	0.86352
211	0.86858
212	0.87141
213	0.87078
214	0.87423
215	0.8761
216	0.88106
217	0.88168
218	0.88905
219	0.88966
220	0.89544
221	0.89513
222	0.90266
223	0.89785
224	0.90714
225	0.9101
226	0.91276
227	0.91864
228	0.91776
229	0.91864
230	0.92649
231	0.93283
232	0.93254
233	0.93683
234	0.9374
235	0.94448
236	0.94336
237	0.95262
238	0.95651
239	0.95762
240	0.96176
241	0.96697
242	0.97269
243	0.97323
244	0.97997
245	0.9797
246	0.98612
247	0.99354
248	0.98984
249	0.9946
250	0.99854
251	0.99565
252	0.99932
253	0.99958
254	0.99328
255	0.99644
