0	0
1	0.00014973
2	0.00031408
3	0.00049345
4	0.00068818
5	0.00089865
6	0.0011252
7	0.0013681
8	0.0016278
9	0.0019045
10	0.0021986
11	0.0025103
12	0.00284
13	0.0031879
14	0.0035543
15	0.0039394
16	0.0043436
17	0.0047671
18	0.0052101
19	0.0056729
20	0.0061557
21	0.0066589
22	0.0071826
23	0.007727
24	0.0082924
25	0.008879
26	0.009487
27	0.010117
28	0.010768
29	0.011442
30	0.012138
31	0.012856
32	0.013597
33	0.014361
34	0.015148
35	0.015958
36	0.016792
37	0.01765
38	0.018531
39	0.019436
40	0.020366
41	0.02132
42	0.022298
43	0.023302
44	0.02433
45	0.025383
46	0.026462
47	0.027566
48	0.028696
49	0.029851
50	0.031033
51	0.03224
52	0.033474
53	0.034734
54	0.036021
55	0.037335
56	0.038676
57	0.040043
58	0.041438
59	0.04286
60	0.04431
61	0.045788
62	0.047293
63	0.048826
64	0.050388
65	0.051977
66	0.053595
67	0.055242
68	0.056917
69	0.058622
70	0.060355
71	0.062117
72	0.063909
73	0.06573
74	0.06758
75	0.06946
76	0.07137
77	0.07331
78	0.07528
79	0.07728
80	0.079311
81	0.081371
82	0.083463
83	0.085585
84	0.087738
85	0.089922
86	0.092137
87	0.094384
88	0.096662
89	0.098971
90	0.10131
91	0.10368
92	0.10609
93	0.10852
94	0.11099
95	0.11349
96	0.11603
97	0.11859
98	0.12119
99	0.12382
100	0.12648
101	0.12918
102	0.13191
103	0.13467
104	0.13747
105	0.1403
106	0.14316
107	0.14605
108	0.14898
109	0.15195
110	0.15495
111	0.15798
112	0.16104
113	0.16414
114	0.16728
115	0.17045
116	0.17365
117	0.17689
118	0.18016
119	0.18347
120	0.18681
121	0.19019
122	0.1936
123	0.19705
124	0.20053
125	0.20405
126	0.20761
127	0.2112
128	0.21482
129	0.21848
130	0.22218
131	0.22592
132	0.22969
133	0.23349
134	0.23734
135	0.24122
136	0.24513
137	0.24909
138	0.25308
139	0.2571
140	0.26117
141	0.26527
142	0.26941
143	0.27358
144	0.2778
145	0.28205
146	0.28633
147	0.29066
148	0.29502
149	0.29943
150	0.30386
151	0.30834
152	0.31286
153	0.31741
154	0.322
155	0.32663
156	0.3313
157	0.33601
158	0.34076
159	0.34554
160	0.35037
161	0.35523
162	0.36013
163	0.36507
164	0.37005
165	0.37507
166	0.38013
167	0.38523
168	0.39037
169	0.39555
170	0.40076
171	0.40602
172	0.41132
173	0.41665
174	0.42203
175	0.42745
176	0.43291
177	0.43841
178	0.44394
179	0.44952
180	0.45514
181	0.4608
182	0.46651
183	0.47225
184	0.47803
185	0.48386
186	0.48972
187	0.49563
188	0.50158
189	0.50756
190	0.5136
191	0.51967
192	0.52578
193	0.53194
194	0.53813
195	0.54437
196	0.55065
197	0.55698
198	0.56334
199	0.56975
200	0.5762
201	0.58269
202	0.58922
203	0.5958
204	0.60242
205	0.60908
206	0.61579
207	0.62253
208	0.62932
209	0.63616
210	0.64303
211	0.64995
212	0.65692
213	0.66392
214	0.67097
215	0.67806
216	0.6852
217	0.69238
218	0.6996
219	0.70687
220	0.71418
221	0.72153
222	0.72893
223	0.73638
224	0.74386
225	0.75139
226	0.75897
227	0.76659
228	0.77425
229	0.78196
230	0.78971
231	0.79751
232	0.80535
233	0.81324
234	0.82117
235	0.82915
236	0.83717
237	0.84524
238	0.85335
239	0.8615
240	0.86971
241	0.87795
242	0.88625
243	0.89458
244	0.90297
245	0.9114
246	0.91987
247	0.92839
248	0.93696
249	0.94557
250	0.95423
251	0.96294
252	0.97169
253	0.98048
254	0.98933
255	0.99822
