0	0.00083301
1	0.00083301
2	0.00083301
3	0.00083301
4	0.00083301
5	0.0025733
6	0.0081356
7	0.013415
8	0.018483
9	0.023387
10	0.028163
11	0.032834
12	0.037418
13	0.040815
14	0.035937
15	0.036452
16	0.029343
17	0.029563
18	0.029119
19	0.023991
20	0.023962
21	0.013573
22	0.011733
23	0.0098658
24	0.0026087
25	0.0011832
26	0.00044691
27	0.001727
28	0.013045
29	0.013998
30	0.014648
31	0.020256
32	0.021349
33	0.022401
34	0.023362
35	0.023994
36	0.034433
37	0.035072
38	0.036139
39	0.035992
40	0.038451
41	0.03778
42	0.041992
43	0.042898
44	0.043399
45	0.04413
46	0.04919
47	0.049775
48	0.051118
49	0.05484
50	0.056111
51	0.055264
52	0.0557
53	0.057301
54	0.057222
55	0.05762
56	0.058073
57	0.063341
58	0.063931
59	0.069309
60	0.069301
61	0.069351
62	0.069571
63	0.069954
64	0.069487
65	0.068756
66	0.069943
67	0.068903
68	0.069419
69	0.069658
70	0.068913
71	0.069047
72	0.071806
73	0.073349
74	0.073456
75	0.073037
76	0.073418
77	0.07291
78	0.073276
79	0.073044
80	0.073214
81	0.073068
82	0.072618
83	0.073415
84	0.072456
85	0.073394
86	0.073108
87	0.072784
88	0.072179
89	0.072899
90	0.071665
91	0.072521
92	0.076679
93	0.07661
94	0.076053
95	0.075834
96	0.076527
97	0.075285
98	0.075314
99	0.075089
100	0.075037
101	0.074669
102	0.075435
103	0.075601
104	0.075523
105	0.075805
106	0.075911
107	0.075129
108	0.075937
109	0.079861
110	0.079459
111	0.079462
112	0.074916
113	0.075625
114	0.078282
115	0.079166
116	0.078872
117	0.079016
118	0.07889
119	0.082288
120	0.078479
121	0.080008
122	0.080409
123	0.079049
124	0.080153
125	0.082015
126	0.077387
127	0.078218
128	0.075262
129	0.074333
130	0.077545
131	0.076654
132	0.079711
133	0.073991
134	0.080158
135	0.079051
136	0.071761
137	0.06784
138	0.074844
139	0.071367
140	0.073664
141	0.069403
142	0.067862
143	0.068569
144	0.073634
145	0.069714
146	0.0657
147	0.070096
148	0.073536
149	0.067374
150	0.065195
151	0.069526
152	0.072929
153	0.068788
154	0.067215
155	0.068523
156	0.066088
157	0.065298
158	0.063369
159	0.063278
160	0.066636
161	0.0639
162	0.065394
163	0.061893
164	0.059225
165	0.061679
166	0.058213
167	0.062535
168	0.060073
169	0.060339
170	0.056621
171	0.055859
172	0.059263
173	0.058169
174	0.056204
175	0.059954
176	0.05148
177	0.052081
178	0.052341
179	0.053934
180	0.058316
181	0.053018
182	0.056011
183	0.048983
184	0.046624
185	0.051821
186	0.050415
187	0.04954
188	0.050517
189	0.043979
190	0.046149
191	0.047695
192	0.046948
193	0.044084
194	0.045752
195	0.041488
196	0.042075
197	0.040226
198	0.041448
199	0.041612
200	0.045108
201	0.038506
202	0.040282
203	0.043987
204	0.044666
205	0.04173
206	0.043341
207	0.038129
208	0.035833
209	0.037073
210	0.040499
211	0.041642
212	0.040555
213	0.036011
214	0.03554
215	0.033495
216	0.034544
217	0.031246
218	0.034701
219	0.031396
220	0.033254
221	0.029036
222	0.032646
223	0.023923
224	0.029291
225	0.028344
226	0.027088
227	0.029048
228	0.024254
229	0.021217
230	0.025155
231	0.027575
232	0.023373
233	0.023746
234	0.0204
235	0.02357
236	0.018526
237	0.02387
238	0.023847
239	0.021041
240	0.021266
241	0.022563
242	0.024365
243	0.020992
244	0.023821
245	0.019637
246	0.022141
247	0.025646
248	0.01803
249	0.018869
250	0.018893
251	0.012092
252	0.011849
253	0.0081954
254	0.0020232
255	0.0027797
