0	0.10314
0	0.10314
0	0.10314
0	0.10314
1	0.10314
0	0.10314
0	0.10314
1	0.10314
2	0.10314
0	0.10314
0	0.10314
2	0.10314
3	0.10314
0	0.10314
0	0.10314
3	0.10314
4	0.10314
0	0.10314
0	0.10314
4	0.10314
5	0.10314
0	0.10314
0	0.10314
5	0.10314
6	0.10727
0	0.10314
0	0.10314
6	0.10727
7	0.1118
0	0.10314
0	0.10314
7	0.1118
8	0.11616
0	0.10314
0	0.10314
8	0.11616
9	0.12037
0	0.10314
0	0.10314
9	0.12037
10	0.12447
0	0.10314
0	0.10314
10	0.12447
11	0.12849
0	0.10314
0	0.10314
11	0.12849
12	0.13243
0	0.10314
0	0.10314
12	0.13243
13	0.1363
0	0.10314
0	0.10314
13	0.1363
14	0.14013
0	0.10314
0	0.10314
14	0.14013
15	0.14391
0	0.10314
0	0.10314
15	0.14391
16	0.14765
0	0.10314
0	0.10314
16	0.14765
17	0.15136
0	0.10314
0	0.10314
17	0.15136
18	0.15504
0	0.10314
0	0.10314
18	0.15504
19	0.15869
0	0.10314
0	0.10314
19	0.15869
20	0.16233
0	0.10314
0	0.10314
20	0.16233
21	0.16594
0	0.10314
0	0.10314
21	0.16594
22	0.16953
0	0.10314
0	0.10314
22	0.16953
23	0.17311
0	0.10314
0	0.10314
23	0.17311
24	0.17667
0	0.10314
0	0.10314
24	0.17667
25	0.18022
0	0.10314
0	0.10314
25	0.18022
26	0.18375
0	0.10314
0	0.10314
26	0.18375
27	0.18728
0	0.10314
0	0.10314
27	0.18728
28	0.1908
0	0.10314
0	0.10314
28	0.1908
29	0.1943
0	0.10314
0	0.10314
29	0.1943
30	0.1978
0	0.10314
0	0.10314
30	0.1978
31	0.20129
0	0.10314
0	0.10314
31	0.20129
32	0.20478
0	0.10314
0	0.10314
32	0.20478
33	0.20826
0	0.10314
0	0.10314
33	0.20826
34	0.21173
0	0.10314
0	0.10314
34	0.21173
35	0.21519
0	0.10314
0	0.10314
35	0.21519
36	0.21866
0	0.10314
0	0.10314
36	0.21866
37	0.22211
0	0.10314
0	0.10314
37	0.22211
38	0.22556
0	0.10314
0	0.10314
38	0.22556
39	0.22901
0	0.10314
0	0.10314
39	0.22901
40	0.23245
0	0.10314
0	0.10314
40	0.23245
41	0.23589
0	0.10314
0	0.10314
41	0.23589
42	0.23933
0	0.10314
0	0.10314
42	0.23933
43	0.24276
0	0.10314
0	0.10314
43	0.24276
44	0.2462
0	0.10314
0	0.10314
44	0.2462
45	0.24962
0	0.10314
0	0.10314
45	0.24962
46	0.25305
0	0.10314
0	0.10314
46	0.25305
47	0.25647
0	0.10314
0	0.10314
47	0.25647
48	0.25989
0	0.10314
0	0.10314
48	0.25989
49	0.26331
0	0.10314
0	0.10314
49	0.26331
50	0.26672
0	0.10314
0	0.10314
50	0.26672
51	0.27014
0	0.10314
0	0.10314
51	0.27014
52	0.27355
0	0.10314
0	0.10314
52	0.27355
53	0.27696
0	0.10314
0	0.10314
53	0.27696
54	0.28037
0	0.10314
0	0.10314
54	0.28037
55	0.28377
0	0.10314
0	0.10314
55	0.28377
56	0.28718
0	0.10314
0	0.10314
56	0.28718
57	0.29058
0	0.10314
0	0.10314
57	0.29058
58	0.29398
0	0.10314
0	0.10314
58	0.29398
59	0.29739
0	0.10314
0	0.10314
59	0.29739
60	0.30079
0	0.10314
0	0.10314
60	0.30079
61	0.30418
0	0.10314
0	0.10314
61	0.30418
62	0.30758
0	0.10314
0	0.10314
62	0.30758
63	0.31098
0	0.10314
0	0.10314
63	0.31098
64	0.31437
0	0.10314
0	0.10314
64	0.31437
65	0.31777
0	0.10314
0	0.10314
65	0.31777
66	0.32116
0	0.10314
0	0.10314
66	0.32116
67	0.32455
0	0.10314
0	0.10314
67	0.32455
68	0.32794
0	0.10314
0	0.10314
68	0.32794
69	0.33133
0	0.10314
0	0.10314
69	0.33133
70	0.33472
0	0.10314
0	0.10314
70	0.33472
71	0.33811
0	0.10314
0	0.10314
71	0.33811
72	0.3415
0	0.10314
0	0.10314
72	0.3415
73	0.34489
0	0.10314
0	0.10314
73	0.34489
74	0.34827
0	0.10314
0	0.10314
74	0.34827
75	0.35166
0	0.10314
0	0.10314
75	0.35166
76	0.35505
0	0.10314
0	0.10314
76	0.35505
77	0.35843
0	0.10314
0	0.10314
77	0.35843
78	0.36182
0	0.10314
0	0.10314
78	0.36182
79	0.3652
0	0.10314
0	0.10314
79	0.3652
80	0.36858
0	0.10314
0	0.10314
80	0.36858
81	0.37196
0	0.10314
0	0.10314
81	0.37196
82	0.37535
0	0.10314
0	0.10314
82	0.37535
83	0.37873
0	0.10314
0	0.10314
83	0.37873
84	0.38211
0	0.10314
0	0.10314
84	0.38211
85	0.38549
0	0.10314
0	0.10314
85	0.38549
86	0.38887
0	0.10314
0	0.10314
86	0.38887
87	0.39225
0	0.10314
0	0.10314
87	0.39225
88	0.39563
0	0.10314
0	0.10314
88	0.39563
89	0.39901
0	0.10314
0	0.10314
89	0.39901
90	0.40239
0	0.10314
0	0.10314
90	0.40239
91	0.40577
0	0.10314
0	0.10314
91	0.40577
92	0.40914
0	0.10314
0	0.10314
92	0.40914
93	0.41252
0	0.10314
0	0.10314
93	0.41252
94	0.4159
0	0.10314
0	0.10314
94	0.4159
95	0.41927
0	0.10314
0	0.10314
95	0.41927
96	0.42265
0	0.10314
0	0.10314
96	0.42265
97	0.42603
0	0.10314
0	0.10314
97	0.42603
98	0.4294
0	0.10314
0	0.10314
98	0.4294
99	0.43278
0	0.10314
0	0.10314
99	0.43278
100	0.43615
0	0.10314
0	0.10314
100	0.43615
101	0.43953
0	0.10314
0	0.10314
101	0.43953
102	0.4429
0	0.10314
0	0.10314
102	0.4429
103	0.44628
0	0.10314
0	0.10314
103	0.44628
104	0.44965
0	0.10314
0	0.10314
104	0.44965
105	0.45303
0	0.10314
0	0.10314
105	0.45303
106	0.4564
0	0.10314
0	0.10314
106	0.4564
107	0.45977
0	0.10314
0	0.10314
107	0.45977
108	0.46315
0	0.10314
0	0.10314
108	0.46315
109	0.46652
0	0.10314
0	0.10314
109	0.46652
110	0.46989
0	0.10314
0	0.10314
110	0.46989
111	0.47327
0	0.10314
0	0.10314
111	0.47327
112	0.47664
0	0.10314
0	0.10314
112	0.47664
113	0.48001
0	0.10314
0	0.10314
113	0.48001
114	0.48338
0	0.10314
0	0.10314
114	0.48338
115	0.48676
0	0.10314
0	0.10314
115	0.48676
116	0.49013
0	0.10314
0	0.10314
116	0.49013
117	0.4935
0	0.10314
0	0.10314
117	0.4935
118	0.49687
0	0.10314
0	0.10314
118	0.49687
119	0.50024
0	0.10314
0	0.10314
119	0.50024
120	0.50361
0	0.10314
0	0.10314
120	0.50361
121	0.50698
0	0.10314
0	0.10314
121	0.50698
122	0.51035
0	0.10314
0	0.10314
122	0.51035
123	0.51372
0	0.10314
0	0.10314
123	0.51372
124	0.5171
0	0.10314
0	0.10314
124	0.5171
125	0.52047
0	0.10314
0	0.10314
125	0.52047
126	0.52384
0	0.10314
0	0.10314
126	0.52384
127	0.52721
0	0.10314
0	0.10314
127	0.52721
128	0.53058
0	0.10314
0	0.10314
128	0.53058
129	0.53395
0	0.10314
0	0.10314
129	0.53395
130	0.53732
0	0.10314
0	0.10314
130	0.53732
131	0.54068
0	0.10314
0	0.10314
131	0.54068
132	0.54405
0	0.10314
0	0.10314
132	0.54405
133	0.54742
0	0.10314
0	0.10314
133	0.54742
134	0.55079
0	0.10314
0	0.10314
134	0.55079
135	0.55416
0	0.10314
0	0.10314
135	0.55416
136	0.55753
0	0.10314
0	0.10314
136	0.55753
137	0.5609
0	0.10314
0	0.10314
137	0.5609
138	0.56427
0	0.10314
0	0.10314
138	0.56427
139	0.56764
0	0.10314
0	0.10314
139	0.56764
140	0.57101
0	0.10314
0	0.10314
140	0.57101
141	0.57437
0	0.10314
0	0.10314
141	0.57437
142	0.57774
0	0.10314
0	0.10314
142	0.57774
143	0.58111
0	0.10314
0	0.10314
143	0.58111
144	0.58448
0	0.10314
0	0.10314
144	0.58448
145	0.58785
0	0.10314
0	0.10314
145	0.58785
146	0.59122
0	0.10314
0	0.10314
146	0.59122
147	0.59458
0	0.10314
0	0.10314
147	0.59458
148	0.59795
0	0.10314
0	0.10314
148	0.59795
149	0.60132
0	0.10314
0	0.10314
149	0.60132
150	0.60469
0	0.10314
0	0.10314
150	0.60469
151	0.60805
0	0.10314
0	0.10314
151	0.60805
152	0.61142
0	0.10314
0	0.10314
152	0.61142
153	0.61479
0	0.10314
0	0.10314
153	0.61479
154	0.61816
0	0.10314
0	0.10314
154	0.61816
155	0.62152
0	0.10314
0	0.10314
155	0.62152
156	0.62489
0	0.10314
0	0.10314
156	0.62489
157	0.62826
0	0.10314
0	0.10314
157	0.62826
158	0.63163
0	0.10314
0	0.10314
158	0.63163
159	0.63499
0	0.10314
0	0.10314
159	0.63499
160	0.63836
0	0.10314
0	0.10314
160	0.63836
161	0.64173
0	0.10314
0	0.10314
161	0.64173
162	0.64509
0	0.10314
0	0.10314
162	0.64509
163	0.64846
0	0.10314
0	0.10314
163	0.64846
164	0.65183
0	0.10314
0	0.10314
164	0.65183
165	0.65519
0	0.10314
0	0.10314
165	0.65519
166	0.65856
0	0.10314
0	0.10314
166	0.65856
167	0.66193
0	0.10314
0	0.10314
167	0.66193
168	0.66529
0	0.10314
0	0.10314
168	0.66529
169	0.66866
0	0.10314
0	0.10314
169	0.66866
170	0.67203
0	0.10314
0	0.10314
170	0.67203
171	0.67539
0	0.10314
0	0.10314
171	0.67539
172	0.67876
0	0.10314
0	0.10314
172	0.67876
173	0.68213
0	0.10314
0	0.10314
173	0.68213
174	0.68549
0	0.10314
0	0.10314
174	0.68549
175	0.68886
0	0.10314
0	0.10314
175	0.68886
176	0.69222
0	0.10314
0	0.10314
176	0.69222
177	0.69559
0	0.10314
0	0.10314
177	0.69559
178	0.69896
0	0.10314
0	0.10314
178	0.69896
179	0.70232
0	0.10314
0	0.10314
179	0.70232
180	0.70569
0	0.10314
0	0.10314
180	0.70569
181	0.70905
0	0.10314
0	0.10314
181	0.70905
182	0.71242
0	0.10314
0	0.10314
182	0.71242
183	0.71578
0	0.10314
0	0.10314
183	0.71578
184	0.71915
0	0.10314
0	0.10314
184	0.71915
185	0.72252
0	0.10314
0	0.10314
185	0.72252
186	0.72588
0	0.10314
0	0.10314
186	0.72588
187	0.72925
0	0.10314
0	0.10314
187	0.72925
188	0.73261
0	0.10314
0	0.10314
188	0.73261
189	0.73598
0	0.10314
0	0.10314
189	0.73598
190	0.73934
0	0.10314
0	0.10314
190	0.73934
191	0.74271
0	0.10314
0	0.10314
191	0.74271
192	0.74608
0	0.10314
0	0.10314
192	0.74608
193	0.74944
0	0.10314
0	0.10314
193	0.74944
194	0.75281
0	0.10314
0	0.10314
194	0.75281
195	0.75617
0	0.10314
0	0.10314
195	0.75617
196	0.75954
0	0.10314
0	0.10314
196	0.75954
197	0.7629
0	0.10314
0	0.10314
197	0.7629
198	0.76627
0	0.10314
0	0.10314
198	0.76627
199	0.76963
0	0.10314
0	0.10314
199	0.76963
200	0.773
0	0.10314
0	0.10314
200	0.773
201	0.77636
0	0.10314
0	0.10314
201	0.77636
202	0.77973
0	0.10314
0	0.10314
202	0.77973
203	0.78309
0	0.10314
0	0.10314
203	0.78309
204	0.78646
0	0.10314
0	0.10314
204	0.78646
205	0.78982
0	0.10314
0	0.10314
205	0.78982
206	0.79319
0	0.10314
0	0.10314
206	0.79319
207	0.79655
0	0.10314
0	0.10314
207	0.79655
208	0.79992
0	0.10314
0	0.10314
208	0.79992
209	0.80328
0	0.10314
0	0.10314
209	0.80328
210	0.80665
0	0.10314
0	0.10314
210	0.80665
211	0.81001
0	0.10314
0	0.10314
211	0.81001
212	0.81338
0	0.10314
0	0.10314
212	0.81338
213	0.81674
0	0.10314
0	0.10314
213	0.81674
214	0.82011
0	0.10314
0	0.10314
214	0.82011
215	0.82347
0	0.10314
0	0.10314
215	0.82347
216	0.82684
0	0.10314
0	0.10314
216	0.82684
217	0.8302
0	0.10314
0	0.10314
217	0.8302
218	0.83356
0	0.10314
0	0.10314
218	0.83356
219	0.83693
0	0.10314
0	0.10314
219	0.83693
220	0.84029
0	0.10314
0	0.10314
220	0.84029
221	0.84366
0	0.10314
0	0.10314
221	0.84366
222	0.84702
0	0.10314
0	0.10314
222	0.84702
223	0.85039
0	0.10314
0	0.10314
223	0.85039
224	0.85375
0	0.10314
0	0.10314
224	0.85375
225	0.85712
0	0.10314
0	0.10314
225	0.85712
226	0.86048
0	0.10314
0	0.10314
226	0.86048
227	0.86385
0	0.10314
0	0.10314
227	0.86385
228	0.86721
0	0.10314
0	0.10314
228	0.86721
229	0.87057
0	0.10314
0	0.10314
229	0.87057
230	0.87394
0	0.10314
0	0.10314
230	0.87394
231	0.8773
0	0.10314
0	0.10314
231	0.8773
232	0.88067
0	0.10314
0	0.10314
232	0.88067
233	0.88403
0	0.10314
0	0.10314
233	0.88403
234	0.8874
0	0.10314
0	0.10314
234	0.8874
235	0.89076
0	0.10314
0	0.10314
235	0.89076
236	0.89412
0	0.10314
0	0.10314
236	0.89412
237	0.89749
0	0.10314
0	0.10314
237	0.89749
238	0.90085
0	0.10314
0	0.10314
238	0.90085
239	0.90422
0	0.10314
0	0.10314
239	0.90422
240	0.90758
0	0.10314
0	0.10314
240	0.90758
241	0.91095
0	0.10314
0	0.10314
241	0.91095
242	0.91431
0	0.10314
0	0.10314
242	0.91431
243	0.91767
0	0.10314
0	0.10314
243	0.91767
244	0.92104
0	0.10314
0	0.10314
244	0.92104
245	0.9244
0	0.10314
0	0.10314
245	0.9244
246	0.92777
0	0.10314
0	0.10314
246	0.92777
247	0.93113
0	0.10314
0	0.10314
247	0.93113
248	0.93449
0	0.10314
0	0.10314
248	0.93449
249	0.93786
0	0.10314
0	0.10314
249	0.93786
250	0.94122
0	0.10314
0	0.10314
250	0.94122
251	0.94459
0	0.10314
0	0.10314
251	0.94459
252	0.94795
0	0.10314
0	0.10314
252	0.94795
253	0.95131
0	0.10314
0	0.10314
253	0.95131
254	0.95468
0	0.10314
0	0.10314
254	0.95468
255	0.95804
0	0.10314
0	0.10314
255	0.95804
