0	0.69477
0	0.69455
0	0.69444
0	0.69444
1	0.69466
0	0.70069
0	0.69162
1	0.69757
2	0.69444
0	0.71457
0	0.68695
2	0.70904
3	0.69466
0	0.72648
0	0.68039
3	0.71714
4	0.6978
0	0.73984
0	0.67561
4	0.72416
5	0.6978
0	0.75651
0	0.66709
5	0.73305
6	0.69791
0	0.77208
0	0.65877
6	0.74391
7	0.69802
0	0.78307
0	0.65003
7	0.74694
8	0.69813
0	0.80096
0	0.63895
8	0.75255
9	0.7008
0	0.81554
0	0.63031
9	0.75858
10	0.70091
0	0.82343
0	0.62055
10	0.75878
11	0.70102
0	0.83531
0	0.60808
11	0.76123
12	0.70036
0	0.84635
0	0.59293
12	0.76348
13	0.70334
0	0.85398
0	0.58027
13	0.76231
14	0.70334
0	0.86394
0	0.56625
14	0.76377
15	0.70334
0	0.87119
0	0.54975
15	0.76202
16	0.70598
0	0.87937
0	0.53681
16	0.76211
17	0.70587
0	0.8847
0	0.52354
17	0.76035
18	0.70576
0	0.88961
0	0.50991
18	0.75947
19	0.70565
0	0.89378
0	0.49831
19	0.75898
20	0.70817
0	0.89876
0	0.48822
20	0.75917
21	0.70795
0	0.90302
0	0.47699
21	0.75651
22	0.70959
0	0.90657
0	0.46532
22	0.75552
23	0.70937
0	0.91041
0	0.45383
23	0.75503
24	0.70915
0	0.91332
0	0.44388
24	0.75414
25	0.71068
0	0.91577
0	0.4331
25	0.75324
26	0.71024
0	0.91852
0	0.42334
26	0.75155
27	0.71165
0	0.92058
0	0.4142
27	0.75165
28	0.71122
0	0.92257
0	0.40989
28	0.75155
29	0.711
0	0.92499
0	0.40026
29	0.74925
30	0.71241
0	0.92645
0	0.39299
30	0.74895
31	0.71208
0	0.92739
0	0.38492
31	0.74855
32	0.71338
0	0.92921
0	0.37716
32	0.74804
33	0.71295
0	0.93038
0	0.36943
33	0.74794
34	0.71392
0	0.93219
0	0.36639
34	0.74714
35	0.71532
0	0.93312
0	0.35986
35	0.74684
36	0.71489
0	0.93464
0	0.35312
36	0.74633
37	0.71607
0	0.93572
0	0.34651
37	0.74654
38	0.71564
0	0.93644
0	0.34003
38	0.74543
39	0.71661
0	0.9373
0	0.33864
39	0.74543
40	0.71779
0	0.93773
0	0.33225
40	0.74482
41	0.71714
0	0.93873
0	0.32678
41	0.74452
42	0.71811
0	0.9398
0	0.32114
42	0.74431
43	0.71875
0	0.94016
0	0.31533
43	0.74391
44	0.71832
0	0.94073
0	0.31256
44	0.74381
45	0.71918
0	0.94187
0	0.30771
45	0.7433
46	0.71981
0	0.94216
0	0.30272
46	0.74299
47	0.71907
0	0.94258
0	0.2976
47	0.74279
48	0.71981
0	0.94393
0	0.29585
48	0.74249
49	0.72045
0	0.94422
0	0.29142
49	0.74249
50	0.72098
0	0.94471
0	0.28686
50	0.74167
51	0.72173
0	0.94507
0	0.2817
51	0.74178
52	0.72109
0	0.94564
0	0.28027
52	0.74147
53	0.72152
0	0.94634
0	0.27588
53	0.74167
54	0.72226
0	0.94663
0	0.27137
54	0.74116
55	0.72289
0	0.94726
0	0.26673
55	0.74086
56	0.72332
0	0.94754
0	0.26568
56	0.74035
57	0.72395
0	0.94825
0	0.26086
57	0.74014
58	0.72406
0	0.94846
0	0.25699
58	0.74065
59	0.72479
0	0.9486
0	0.25587
59	0.74045
60	0.72532
0	0.94916
0	0.25187
60	0.74004
61	0.72585
0	0.94966
0	0.24776
61	0.74004
62	0.72595
0	0.94987
0	0.24716
62	0.74025
63	0.72627
0	0.95015
0	0.24352
63	0.74055
64	0.72637
0	0.95064
0	0.23977
64	0.74055
65	0.72658
0	0.95085
0	0.24103
65	0.74025
66	0.72658
0	0.95127
0	0.23722
66	0.73984
67	0.72679
0	0.95127
0	0.23395
67	0.74004
68	0.727
0	0.9512
0	0.23395
68	0.73984
69	0.72805
0	0.95169
0	0.22992
69	0.73963
70	0.72805
0	0.95183
0	0.22992
70	0.73943
71	0.72836
0	0.95197
0	0.22646
71	0.73922
72	0.72868
0	0.95183
0	0.2229
72	0.73902
73	0.72951
0	0.95211
0	0.2229
73	0.73881
74	0.72972
0	0.95218
0	0.21998
74	0.73861
75	0.72983
0	0.95211
0	0.21998
75	0.73851
76	0.72993
0	0.95261
0	0.21622
76	0.73841
77	0.73055
0	0.95275
0	0.21622
77	0.7382
78	0.73055
0	0.95296
0	0.21312
78	0.738
79	0.73045
0	0.95303
0	0.20994
79	0.73789
80	0.73108
0	0.95317
0	0.20913
80	0.73758
81	0.73118
0	0.95337
0	0.20583
81	0.73738
82	0.7317
0	0.95344
0	0.20583
82	0.73748
83	0.7317
0	0.95351
0	0.20156
83	0.73707
84	0.73232
0	0.95386
0	0.20242
84	0.73687
85	0.73232
0	0.954
0	0.19801
85	0.73687
86	0.73274
0	0.95421
0	0.19891
86	0.73666
87	0.73263
0	0.95442
0	0.19527
87	0.73656
88	0.73294
0	0.95421
0	0.19527
88	0.73635
89	0.73284
0	0.95435
0	0.1915
89	0.73625
90	0.73305
0	0.95449
0	0.1915
90	0.73625
91	0.73336
0	0.95484
0	0.18857
91	0.73594
92	0.73325
0	0.95491
0	0.18857
92	0.73594
93	0.73346
0	0.95498
0	0.18452
93	0.73584
94	0.73377
0	0.9554
0	0.18555
94	0.73584
95	0.73357
0	0.95526
0	0.18137
95	0.73573
96	0.73367
0	0.95547
0	0.18243
96	0.73563
97	0.73367
0	0.95554
0	0.18243
97	0.73542
98	0.73408
0	0.95575
0	0.1792
98	0.73542
99	0.73388
0	0.95575
0	0.1792
99	0.73542
100	0.73398
0	0.9561
0	0.17585
100	0.73532
101	0.73408
0	0.95617
0	0.17585
101	0.73532
102	0.73429
0	0.95638
0	0.17698
102	0.73532
103	0.73439
0	0.95631
0	0.17355
103	0.73542
104	0.73439
0	0.95651
0	0.17471
104	0.73532
105	0.7346
0	0.95672
0	0.17237
105	0.73512
106	0.73439
0	0.95658
0	0.17237
106	0.73542
107	0.73408
0	0.95679
0	0.17237
107	0.73542
108	0.73439
0	0.95693
0	0.16874
108	0.73553
109	0.73429
0	0.95714
0	0.16874
109	0.73553
110	0.73439
0	0.95742
0	0.16874
110	0.73553
111	0.73439
0	0.95728
0	0.16623
111	0.73553
112	0.73439
0	0.95749
0	0.16495
112	0.73563
113	0.7345
0	0.95756
0	0.16623
113	0.73573
114	0.73429
0	0.95777
0	0.16231
114	0.73573
115	0.73439
0	0.95777
0	0.16231
115	0.73573
116	0.73439
0	0.95797
0	0.16231
116	0.73594
117	0.7346
0	0.95784
0	0.16364
117	0.73594
118	0.7345
0	0.95797
0	0.16096
118	0.73594
119	0.73439
0	0.95811
0	0.16096
119	0.73604
120	0.73429
0	0.95804
0	0.16096
120	0.73615
121	0.7345
0	0.95818
0	0.16231
121	0.73625
122	0.73439
0	0.95804
0	0.15959
122	0.73625
123	0.73429
0	0.95818
0	0.16096
123	0.73625
124	0.73439
0	0.95811
0	0.16096
124	0.73635
125	0.73419
0	0.95804
0	0.16231
125	0.73635
126	0.7345
0	0.95832
0	0.15959
126	0.73645
127	0.73429
0	0.95818
0	0.15959
127	0.73645
128	0.7346
0	0.95818
0	0.15959
128	0.73656
129	0.73439
0	0.9579
0	0.15959
129	0.73645
130	0.7345
0	0.95804
0	0.16096
130	0.73656
131	0.73439
0	0.9579
0	0.16096
131	0.73635
132	0.7345
0	0.95777
0	0.15819
132	0.73604
133	0.7345
0	0.95777
0	0.15819
133	0.73594
134	0.7345
0	0.9577
0	0.15819
134	0.73553
135	0.7345
0	0.95756
0	0.15819
135	0.73512
136	0.73439
0	0.95756
0	0.15819
136	0.73481
137	0.7345
0	0.95735
0	0.15819
137	0.7345
138	0.7346
0	0.95728
0	0.15819
138	0.73419
139	0.73439
0	0.95707
0	0.15382
139	0.73398
140	0.7345
0	0.95686
0	0.15382
140	0.73377
141	0.7345
0	0.95679
0	0.15382
141	0.73377
142	0.7345
0	0.95672
0	0.15231
142	0.73377
143	0.7345
0	0.95665
0	0.15382
143	0.73377
144	0.7346
0	0.95658
0	0.15382
144	0.73398
145	0.7347
0	0.95658
0	0.15382
145	0.73388
146	0.7346
0	0.95665
0	0.15382
146	0.73398
147	0.7347
0	0.95672
0	0.15231
147	0.73398
148	0.7346
0	0.95672
0	0.15231
148	0.73408
149	0.7346
0	0.95679
0	0.15076
149	0.73408
150	0.7346
0	0.95672
0	0.15076
150	0.73408
151	0.7346
0	0.95679
0	0.15076
151	0.73408
152	0.7346
0	0.95679
0	0.14917
152	0.73408
153	0.7346
0	0.95672
0	0.14917
153	0.73419
154	0.73439
0	0.95679
0	0.14755
154	0.73419
155	0.73429
0	0.95693
0	0.14755
155	0.73419
156	0.73419
0	0.95686
0	0.14755
156	0.73419
157	0.73419
0	0.95679
0	0.14589
157	0.73419
158	0.73419
0	0.95686
0	0.14589
158	0.73429
159	0.73408
0	0.95693
0	0.14589
159	0.73419
160	0.73398
0	0.95686
0	0.14589
160	0.73429
161	0.73398
0	0.95686
0	0.14419
161	0.73429
162	0.73398
0	0.95686
0	0.14244
162	0.73429
163	0.73377
0	0.95672
0	0.14244
163	0.73429
164	0.73377
0	0.95679
0	0.14419
164	0.73429
165	0.73377
0	0.95679
0	0.14419
165	0.73429
166	0.73367
0	0.95665
0	0.14244
166	0.73429
167	0.73367
0	0.95679
0	0.14244
167	0.73439
168	0.73367
0	0.95679
0	0.14064
168	0.7345
169	0.73357
0	0.95679
0	0.13878
169	0.73439
170	0.73346
0	0.95679
0	0.13878
170	0.73429
171	0.73336
0	0.95672
0	0.14064
171	0.7345
172	0.73325
0	0.95672
0	0.14064
172	0.7346
173	0.73325
0	0.95679
0	0.14064
173	0.7345
174	0.73325
0	0.95672
0	0.13878
174	0.7345
175	0.73325
0	0.95679
0	0.13878
175	0.7347
176	0.73315
0	0.95672
0	0.13878
176	0.7346
177	0.73305
0	0.95665
0	0.13878
177	0.7347
178	0.73294
0	0.95672
0	0.13878
178	0.7347
179	0.73294
0	0.95665
0	0.13687
179	0.7347
180	0.73294
0	0.95665
0	0.13878
180	0.7347
181	0.73305
0	0.95665
0	0.13687
181	0.73481
182	0.73294
0	0.95658
0	0.1349
182	0.73481
183	0.73284
0	0.95658
0	0.1349
183	0.73481
184	0.73274
0	0.95651
0	0.13687
184	0.73491
185	0.73274
0	0.95658
0	0.1349
185	0.73481
186	0.73263
0	0.95658
0	0.1349
186	0.73491
187	0.73263
0	0.95658
0	0.13687
187	0.73491
188	0.73253
0	0.95651
0	0.1349
188	0.73491
189	0.73243
0	0.95651
0	0.1349
189	0.73491
190	0.73232
0	0.95651
0	0.1349
190	0.73491
191	0.73243
0	0.95658
0	0.1349
191	0.73481
192	0.73232
0	0.95658
0	0.1349
192	0.73491
193	0.73222
0	0.95651
0	0.1349
193	0.73491
194	0.73232
0	0.95644
0	0.13286
194	0.73481
195	0.73222
0	0.95651
0	0.13286
195	0.7347
196	0.73232
0	0.95651
0	0.13286
196	0.7347
197	0.73222
0	0.95644
0	0.13286
197	0.7347
198	0.73211
0	0.95651
0	0.13286
198	0.7346
199	0.73211
0	0.95651
0	0.13074
199	0.7346
200	0.73201
0	0.95644
0	0.13074
200	0.7346
201	0.73201
0	0.95644
0	0.13074
201	0.7346
202	0.73201
0	0.95651
0	0.12854
202	0.73439
203	0.73201
0	0.95644
0	0.13074
203	0.73429
204	0.73201
0	0.95644
0	0.12854
204	0.73429
205	0.73191
0	0.95651
0	0.13074
205	0.73429
206	0.73191
0	0.95651
0	0.12854
206	0.73419
207	0.73191
0	0.95644
0	0.12854
207	0.73408
208	0.73191
0	0.95644
0	0.12624
208	0.73398
209	0.73191
0	0.95644
0	0.12624
209	0.73398
210	0.7318
0	0.95651
0	0.12624
210	0.73388
211	0.7317
0	0.95651
0	0.12624
211	0.73367
212	0.7318
0	0.95658
0	0.12384
212	0.73357
213	0.73191
0	0.95651
0	0.12384
213	0.73346
214	0.7318
0	0.95651
0	0.12624
214	0.73336
215	0.7318
0	0.95658
0	0.12384
215	0.73325
216	0.7318
0	0.95665
0	0.12384
216	0.73305
217	0.7317
0	0.95665
0	0.12132
217	0.73305
218	0.7317
0	0.95665
0	0.12132
218	0.73305
219	0.7316
0	0.95658
0	0.12132
219	0.73284
220	0.7316
0	0.95665
0	0.11866
220	0.73274
221	0.7316
0	0.95665
0	0.11866
221	0.73263
222	0.7316
0	0.95672
0	0.11866
222	0.73253
223	0.7317
0	0.95679
0	0.11584
223	0.73243
224	0.7316
0	0.95672
0	0.11584
224	0.73243
225	0.73149
0	0.95679
0	0.11584
225	0.73222
226	0.7316
0	0.95658
0	0.11283
226	0.73211
227	0.73149
0	0.95665
0	0.11283
227	0.73211
228	0.73149
0	0.95658
0	0.11283
228	0.73201
229	0.73139
0	0.95658
0	0.1096
229	0.73201
230	0.73139
0	0.95658
0	0.1096
230	0.73201
231	0.73149
0	0.95651
0	0.1096
231	0.73191
232	0.73149
0	0.95651
0	0.10608
232	0.7318
233	0.73149
0	0.95644
0	0.10608
233	0.7318
234	0.73139
0	0.95644
0	0.10239
234	0.7318
235	0.73149
0	0.95644
0	0.10239
235	0.7318
236	0.73149
0	0.95644
0	0.10239
236	0.7318
237	0.73139
0	0.95638
0	0.10239
237	0.7318
238	0.73139
0	0.95638
0	0.10239
238	0.7318
239	0.73128
0	0.95644
0	0.10239
239	0.73191
240	0.73128
0	0.95644
0	0.10239
240	0.73191
241	0.73139
0	0.95644
0	0.10239
241	0.73201
242	0.73128
0	0.95644
0	0.10239
242	0.73243
243	0.73118
0	0.95638
0	0.10239
243	0.73253
244	0.73118
0	0.95651
0	0.10239
244	0.73253
245	0.73118
0	0.95644
0	0.10239
245	0.73263
246	0.73108
0	0.95651
0	0.10239
246	0.73274
247	0.73118
0	0.95644
0	0.10239
247	0.73294
248	0.73108
0	0.95644
0	0.10239
248	0.73325
249	0.73108
0	0.95651
0	0.10239
249	0.73336
250	0.73108
0	0.95651
0	0.10239
250	0.73357
251	0.73097
0	0.95651
0	0.10239
251	0.73357
252	0.73097
0	0.95651
0	0.10239
252	0.73346
253	0.73108
0	0.95658
0	0.10239
253	0.73367
254	0.73097
0	0.95644
0	0.10239
254	0.73367
255	0.73087
0	0.95651
0	0.10239
255	0.73357
