0	0.39306
0	0.39273
0	0.39257
0	0.39257
1	0.3929
0	0.40182
0	0.38844
1	0.39719
2	0.39257
0	0.42279
0	0.38167
2	0.41437
3	0.3929
0	0.44129
0	0.37225
3	0.42675
4	0.39752
0	0.46259
0	0.36548
4	0.43765
5	0.39752
0	0.49001
0	0.35359
5	0.45169
6	0.39769
0	0.51643
0	0.3422
6	0.4692
7	0.39785
0	0.53559
0	0.33047
7	0.47415
8	0.39802
0	0.56763
0	0.31594
8	0.4834
9	0.40198
0	0.59455
0	0.30487
9	0.49348
10	0.40215
0	0.60941
0	0.29265
10	0.49381
11	0.40231
0	0.6322
0	0.27746
11	0.49794
12	0.40132
0	0.65384
0	0.25962
12	0.50173
13	0.40578
0	0.66903
0	0.24525
13	0.49975
14	0.40578
0	0.68918
0	0.22989
14	0.50223
15	0.40578
0	0.70405
0	0.21255
15	0.49926
16	0.40974
0	0.72106
0	0.1995
16	0.49942
17	0.40958
0	0.73229
0	0.18662
17	0.49645
18	0.40941
0	0.74269
0	0.17391
18	0.49496
19	0.40925
0	0.75161
0	0.1635
19	0.49414
20	0.41305
0	0.76235
0	0.15475
20	0.49447
21	0.41272
0	0.77159
0	0.14533
21	0.49001
22	0.41519
0	0.77936
0	0.13592
22	0.48836
23	0.41486
0	0.78778
0	0.127
23	0.48753
24	0.41453
0	0.79422
0	0.11957
24	0.48604
25	0.41685
0	0.79967
0	0.11181
25	0.48456
26	0.41618
0	0.80578
0	0.10504
26	0.48175
27	0.41833
0	0.8104
0	0.098927
27	0.48192
28	0.41767
0	0.81486
0	0.096119
28	0.48175
29	0.41734
0	0.82031
0	0.090008
29	0.47795
30	0.41949
0	0.82362
0	0.085549
30	0.47746
31	0.41899
0	0.82576
0	0.08076
31	0.4768
32	0.42097
0	0.82989
0	0.076301
32	0.47597
33	0.42031
0	0.83254
0	0.072007
33	0.47581
34	0.4218
0	0.83666
0	0.070355
34	0.47448
35	0.42395
0	0.83881
0	0.066887
35	0.47399
36	0.42329
0	0.84228
0	0.063419
36	0.47316
37	0.4251
0	0.84476
0	0.060116
37	0.47349
38	0.42444
0	0.84641
0	0.056978
38	0.47168
39	0.42593
0	0.84839
0	0.056317
39	0.47168
40	0.42775
0	0.84938
0	0.053344
40	0.47069
41	0.42675
0	0.85169
0	0.050867
41	0.47019
42	0.42824
0	0.85417
0	0.04839
42	0.46986
43	0.42923
0	0.855
0	0.045912
43	0.4692
44	0.42857
0	0.85632
0	0.044756
44	0.46903
45	0.42989
0	0.85896
0	0.042775
45	0.46821
46	0.43088
0	0.85962
0	0.040793
46	0.46771
47	0.42973
0	0.86061
0	0.038811
47	0.46738
48	0.43088
0	0.86375
0	0.03815
48	0.46689
49	0.43187
0	0.86441
0	0.036499
49	0.46689
50	0.4327
0	0.86557
0	0.034847
50	0.46557
51	0.43386
0	0.86639
0	0.033031
51	0.46573
52	0.43287
0	0.86771
0	0.032535
52	0.46524
53	0.43353
0	0.86936
0	0.031049
53	0.46557
54	0.43468
0	0.87002
0	0.029562
54	0.46474
55	0.43567
0	0.87151
0	0.028076
55	0.46424
56	0.43633
0	0.87217
0	0.027746
56	0.46342
57	0.43732
0	0.87382
0	0.026259
57	0.46309
58	0.43749
0	0.87432
0	0.025103
58	0.46391
59	0.43865
0	0.87465
0	0.024773
59	0.46358
60	0.43947
0	0.87597
0	0.023617
60	0.46292
61	0.4403
0	0.87713
0	0.022461
61	0.46292
62	0.44046
0	0.87762
0	0.022296
62	0.46325
63	0.44096
0	0.87828
0	0.021305
63	0.46375
64	0.44112
0	0.87944
0	0.020314
64	0.46375
65	0.44145
0	0.87993
0	0.020644
65	0.46325
66	0.44145
0	0.88092
0	0.019653
66	0.46259
67	0.44178
0	0.88092
0	0.018827
67	0.46292
68	0.44211
0	0.88076
0	0.018827
68	0.46259
69	0.44377
0	0.88192
0	0.017836
69	0.46226
70	0.44377
0	0.88225
0	0.017836
70	0.46193
71	0.44426
0	0.88258
0	0.017011
71	0.4616
72	0.44476
0	0.88225
0	0.016185
72	0.46127
73	0.44608
0	0.88291
0	0.016185
73	0.46094
74	0.44641
0	0.88307
0	0.015524
74	0.46061
75	0.44657
0	0.88291
0	0.015524
75	0.46045
76	0.44674
0	0.88406
0	0.014699
76	0.46028
77	0.44773
0	0.88439
0	0.014699
77	0.45995
78	0.44773
0	0.88489
0	0.014038
78	0.45962
79	0.44756
0	0.88505
0	0.013377
79	0.45945
80	0.44855
0	0.88538
0	0.013212
80	0.45896
81	0.44872
0	0.88588
0	0.012552
81	0.45863
82	0.44955
0	0.88604
0	0.012552
82	0.45879
83	0.44955
0	0.88621
0	0.011726
83	0.45813
84	0.45054
0	0.88704
0	0.011891
84	0.4578
85	0.45054
0	0.88737
0	0.011065
85	0.4578
86	0.4512
0	0.88786
0	0.01123
86	0.45747
87	0.45103
0	0.88836
0	0.01057
87	0.45731
88	0.45153
0	0.88786
0	0.01057
88	0.45698
89	0.45136
0	0.88819
0	0.0099092
89	0.45681
90	0.45169
0	0.88852
0	0.0099092
90	0.45681
91	0.45219
0	0.88935
0	0.0094137
91	0.45632
92	0.45202
0	0.88951
0	0.0094137
92	0.45632
93	0.45235
0	0.88968
0	0.0087531
93	0.45615
94	0.45285
0	0.89067
0	0.0089182
94	0.45615
95	0.45252
0	0.89034
0	0.0082576
95	0.45599
96	0.45268
0	0.89083
0	0.0084228
96	0.45582
97	0.45268
0	0.891
0	0.0084228
97	0.45549
98	0.45334
0	0.89149
0	0.0079273
98	0.45549
99	0.45301
0	0.89149
0	0.0079273
99	0.45549
100	0.45318
0	0.89232
0	0.0074319
100	0.45533
101	0.45334
0	0.89249
0	0.0074319
101	0.45533
102	0.45367
0	0.89298
0	0.007597
102	0.45533
103	0.45384
0	0.89282
0	0.0071016
103	0.45549
104	0.45384
0	0.89331
0	0.0072667
104	0.45533
105	0.45417
0	0.89381
0	0.0069364
105	0.455
106	0.45384
0	0.89348
0	0.0069364
106	0.45549
107	0.45334
0	0.89397
0	0.0069364
107	0.45549
108	0.45384
0	0.8943
0	0.006441
108	0.45566
109	0.45367
0	0.8948
0	0.006441
109	0.45566
110	0.45384
0	0.89546
0	0.006441
110	0.45566
111	0.45384
0	0.89513
0	0.0061107
111	0.45566
112	0.45384
0	0.89562
0	0.0059455
112	0.45582
113	0.454
0	0.89579
0	0.0061107
113	0.45599
114	0.45367
0	0.89628
0	0.0056152
114	0.45599
115	0.45384
0	0.89628
0	0.0056152
115	0.45599
116	0.45384
0	0.89678
0	0.0056152
116	0.45632
117	0.45417
0	0.89645
0	0.0057803
117	0.45632
118	0.454
0	0.89678
0	0.00545
118	0.45632
119	0.45384
0	0.89711
0	0.00545
119	0.45648
120	0.45367
0	0.89694
0	0.00545
120	0.45665
121	0.454
0	0.89727
0	0.0056152
121	0.45681
122	0.45384
0	0.89694
0	0.0052849
122	0.45681
123	0.45367
0	0.89727
0	0.00545
123	0.45681
124	0.45384
0	0.89711
0	0.00545
124	0.45698
125	0.45351
0	0.89694
0	0.0056152
125	0.45698
126	0.454
0	0.89761
0	0.0052849
126	0.45714
127	0.45367
0	0.89727
0	0.0052849
127	0.45714
128	0.45417
0	0.89727
0	0.0052849
128	0.45731
129	0.45384
0	0.89661
0	0.0052849
129	0.45714
130	0.454
0	0.89694
0	0.00545
130	0.45731
131	0.45384
0	0.89661
0	0.00545
131	0.45698
132	0.454
0	0.89628
0	0.0051197
132	0.45648
133	0.454
0	0.89628
0	0.0051197
133	0.45632
134	0.454
0	0.89612
0	0.0051197
134	0.45566
135	0.454
0	0.89579
0	0.0051197
135	0.455
136	0.45384
0	0.89579
0	0.0051197
136	0.4545
137	0.454
0	0.89529
0	0.0051197
137	0.454
138	0.45417
0	0.89513
0	0.0051197
138	0.45351
139	0.45384
0	0.89463
0	0.0046243
139	0.45318
140	0.454
0	0.89414
0	0.0046243
140	0.45285
141	0.454
0	0.89397
0	0.0046243
141	0.45285
142	0.454
0	0.89381
0	0.0044591
142	0.45285
143	0.454
0	0.89364
0	0.0046243
143	0.45285
144	0.45417
0	0.89348
0	0.0046243
144	0.45318
145	0.45434
0	0.89348
0	0.0046243
145	0.45301
146	0.45417
0	0.89364
0	0.0046243
146	0.45318
147	0.45434
0	0.89381
0	0.0044591
147	0.45318
148	0.45417
0	0.89381
0	0.0044591
148	0.45334
149	0.45417
0	0.89397
0	0.004294
149	0.45334
150	0.45417
0	0.89381
0	0.004294
150	0.45334
151	0.45417
0	0.89397
0	0.004294
151	0.45334
152	0.45417
0	0.89397
0	0.0041288
152	0.45334
153	0.45417
0	0.89381
0	0.0041288
153	0.45351
154	0.45384
0	0.89397
0	0.0039637
154	0.45351
155	0.45367
0	0.8943
0	0.0039637
155	0.45351
156	0.45351
0	0.89414
0	0.0039637
156	0.45351
157	0.45351
0	0.89397
0	0.0037985
157	0.45351
158	0.45351
0	0.89414
0	0.0037985
158	0.45367
159	0.45334
0	0.8943
0	0.0037985
159	0.45351
160	0.45318
0	0.89414
0	0.0037985
160	0.45367
161	0.45318
0	0.89414
0	0.0036334
161	0.45367
162	0.45318
0	0.89414
0	0.0034682
162	0.45367
163	0.45285
0	0.89381
0	0.0034682
163	0.45367
164	0.45285
0	0.89397
0	0.0036334
164	0.45367
165	0.45285
0	0.89397
0	0.0036334
165	0.45367
166	0.45268
0	0.89364
0	0.0034682
166	0.45367
167	0.45268
0	0.89397
0	0.0034682
167	0.45384
168	0.45268
0	0.89397
0	0.0033031
168	0.454
169	0.45252
0	0.89397
0	0.0031379
169	0.45384
170	0.45235
0	0.89397
0	0.0031379
170	0.45367
171	0.45219
0	0.89381
0	0.0033031
171	0.454
172	0.45202
0	0.89381
0	0.0033031
172	0.45417
173	0.45202
0	0.89397
0	0.0033031
173	0.454
174	0.45202
0	0.89381
0	0.0031379
174	0.454
175	0.45202
0	0.89397
0	0.0031379
175	0.45434
176	0.45186
0	0.89381
0	0.0031379
176	0.45417
177	0.45169
0	0.89364
0	0.0031379
177	0.45434
178	0.45153
0	0.89381
0	0.0031379
178	0.45434
179	0.45153
0	0.89364
0	0.0029727
179	0.45434
180	0.45153
0	0.89364
0	0.0031379
180	0.45434
181	0.45169
0	0.89364
0	0.0029727
181	0.4545
182	0.45153
0	0.89348
0	0.0028076
182	0.4545
183	0.45136
0	0.89348
0	0.0028076
183	0.4545
184	0.4512
0	0.89331
0	0.0029727
184	0.45467
185	0.4512
0	0.89348
0	0.0028076
185	0.4545
186	0.45103
0	0.89348
0	0.0028076
186	0.45467
187	0.45103
0	0.89348
0	0.0029727
187	0.45467
188	0.45087
0	0.89331
0	0.0028076
188	0.45467
189	0.4507
0	0.89331
0	0.0028076
189	0.45467
190	0.45054
0	0.89331
0	0.0028076
190	0.45467
191	0.4507
0	0.89348
0	0.0028076
191	0.4545
192	0.45054
0	0.89348
0	0.0028076
192	0.45467
193	0.45037
0	0.89331
0	0.0028076
193	0.45467
194	0.45054
0	0.89315
0	0.0026424
194	0.4545
195	0.45037
0	0.89331
0	0.0026424
195	0.45434
196	0.45054
0	0.89331
0	0.0026424
196	0.45434
197	0.45037
0	0.89315
0	0.0026424
197	0.45434
198	0.45021
0	0.89331
0	0.0026424
198	0.45417
199	0.45021
0	0.89331
0	0.0024773
199	0.45417
200	0.45004
0	0.89315
0	0.0024773
200	0.45417
201	0.45004
0	0.89315
0	0.0024773
201	0.45417
202	0.45004
0	0.89331
0	0.0023121
202	0.45384
203	0.45004
0	0.89315
0	0.0024773
203	0.45367
204	0.45004
0	0.89315
0	0.0023121
204	0.45367
205	0.44988
0	0.89331
0	0.0024773
205	0.45367
206	0.44988
0	0.89331
0	0.0023121
206	0.45351
207	0.44988
0	0.89315
0	0.0023121
207	0.45334
208	0.44988
0	0.89315
0	0.002147
208	0.45318
209	0.44988
0	0.89315
0	0.002147
209	0.45318
210	0.44971
0	0.89331
0	0.002147
210	0.45301
211	0.44955
0	0.89331
0	0.002147
211	0.45268
212	0.44971
0	0.89348
0	0.0019818
212	0.45252
213	0.44988
0	0.89331
0	0.0019818
213	0.45235
214	0.44971
0	0.89331
0	0.002147
214	0.45219
215	0.44971
0	0.89348
0	0.0019818
215	0.45202
216	0.44971
0	0.89364
0	0.0019818
216	0.45169
217	0.44955
0	0.89364
0	0.0018167
217	0.45169
218	0.44955
0	0.89364
0	0.0018167
218	0.45169
219	0.44938
0	0.89348
0	0.0018167
219	0.45136
220	0.44938
0	0.89364
0	0.0016515
220	0.4512
221	0.44938
0	0.89364
0	0.0016515
221	0.45103
222	0.44938
0	0.89381
0	0.0016515
222	0.45087
223	0.44955
0	0.89397
0	0.0014864
223	0.4507
224	0.44938
0	0.89381
0	0.0014864
224	0.4507
225	0.44922
0	0.89397
0	0.0014864
225	0.45037
226	0.44938
0	0.89348
0	0.0013212
226	0.45021
227	0.44922
0	0.89364
0	0.0013212
227	0.45021
228	0.44922
0	0.89348
0	0.0013212
228	0.45004
229	0.44905
0	0.89348
0	0.0011561
229	0.45004
230	0.44905
0	0.89348
0	0.0011561
230	0.45004
231	0.44922
0	0.89331
0	0.0011561
231	0.44988
232	0.44922
0	0.89331
0	0.00099092
232	0.44971
233	0.44922
0	0.89315
0	0.00099092
233	0.44971
234	0.44905
0	0.89315
0	0.00082576
234	0.44971
235	0.44922
0	0.89315
0	0.00082576
235	0.44971
236	0.44922
0	0.89315
0	0.00082576
236	0.44971
237	0.44905
0	0.89298
0	0.00066061
237	0.44971
238	0.44905
0	0.89298
0	0.00066061
238	0.44971
239	0.44889
0	0.89315
0	0.00066061
239	0.44988
240	0.44889
0	0.89315
0	0.00049546
240	0.44988
241	0.44905
0	0.89315
0	0.00049546
241	0.45004
242	0.44889
0	0.89315
0	0.00049546
242	0.4507
243	0.44872
0	0.89298
0	0.00033031
243	0.45087
244	0.44872
0	0.89331
0	0.00033031
244	0.45087
245	0.44872
0	0.89315
0	0.00033031
245	0.45103
246	0.44855
0	0.89331
0	0.00033031
246	0.4512
247	0.44872
0	0.89315
0	0.00033031
247	0.45153
248	0.44855
0	0.89315
0	0.00033031
248	0.45202
249	0.44855
0	0.89331
0	0.00033031
249	0.45219
250	0.44855
0	0.89331
0	0.00016515
250	0.45252
251	0.44839
0	0.89331
0	0
251	0.45252
252	0.44839
0	0.89331
0	0.00016515
252	0.45235
253	0.44855
0	0.89348
0	0.00016515
253	0.45268
254	0.44839
0	0.89315
0	0.00016515
254	0.45268
255	0.44822
0	0.89331
0	0
255	0.45252
