0	0.062453
0	0.062453
0	0.062453
0	0.062453
1	0.062535
0	0.062453
0	0.062453
1	0.062535
2	0.062624
0	0.062453
0	0.062453
2	0.062624
3	0.062722
0	0.062453
0	0.062453
3	0.062722
4	0.062828
0	0.062453
0	0.062453
4	0.062828
5	0.062942
0	0.062453
0	0.062453
5	0.062942
6	0.063065
0	0.062453
0	0.062453
6	0.063065
7	0.063197
0	0.062453
0	0.062453
7	0.063197
8	0.063339
0	0.062453
0	0.062453
8	0.063339
9	0.063489
0	0.062453
0	0.062453
9	0.063489
10	0.063649
0	0.062453
0	0.062453
10	0.063649
11	0.063819
0	0.062453
0	0.062453
11	0.063819
12	0.063998
0	0.062453
0	0.062453
12	0.063998
13	0.064187
0	0.062453
0	0.062453
13	0.064187
14	0.064387
0	0.062453
0	0.062453
14	0.064387
15	0.064596
0	0.062453
0	0.062453
15	0.064596
16	0.064816
0	0.062453
0	0.062453
16	0.064816
17	0.065047
0	0.062453
0	0.062453
17	0.065047
18	0.065288
0	0.062453
0	0.062453
18	0.065288
19	0.065539
0	0.062453
0	0.062453
19	0.065539
20	0.065802
0	0.062453
0	0.062453
20	0.065802
21	0.066076
0	0.062453
0	0.062453
21	0.066076
22	0.066361
0	0.062453
0	0.062453
22	0.066361
23	0.066657
0	0.062453
0	0.062453
23	0.066657
24	0.066964
0	0.062453
0	0.062453
24	0.066964
25	0.067283
0	0.062453
0	0.062453
25	0.067283
26	0.067614
0	0.062453
0	0.062453
26	0.067614
27	0.067957
0	0.062453
0	0.062453
27	0.067957
28	0.068311
0	0.062453
0	0.062453
28	0.068311
29	0.068678
0	0.062453
0	0.062453
29	0.068678
30	0.069056
0	0.062453
0	0.062453
30	0.069056
31	0.069447
0	0.062453
0	0.062453
31	0.069447
32	0.06985
0	0.062453
0	0.062453
32	0.06985
33	0.070266
0	0.062453
0	0.062453
33	0.070266
34	0.070694
0	0.062453
0	0.062453
34	0.070694
35	0.071135
0	0.062453
0	0.062453
35	0.071135
36	0.071588
0	0.062453
0	0.062453
36	0.071588
37	0.072055
0	0.062453
0	0.062453
37	0.072055
38	0.072534
0	0.062453
0	0.062453
38	0.072534
39	0.073027
0	0.062453
0	0.062453
39	0.073027
40	0.073533
0	0.062453
0	0.062453
40	0.073533
41	0.074052
0	0.062453
0	0.062453
41	0.074052
42	0.074584
0	0.062453
0	0.062453
42	0.074584
43	0.07513
0	0.062453
0	0.062453
43	0.07513
44	0.075689
0	0.062453
0	0.062453
44	0.075689
45	0.076262
0	0.062453
0	0.062453
45	0.076262
46	0.076849
0	0.062453
0	0.062453
46	0.076849
47	0.07745
0	0.062453
0	0.062453
47	0.07745
48	0.078064
0	0.062453
0	0.062453
48	0.078064
49	0.078693
0	0.062453
0	0.062453
49	0.078693
50	0.079335
0	0.062453
0	0.062453
50	0.079335
51	0.079992
0	0.062453
0	0.062453
51	0.079992
52	0.080664
0	0.062453
0	0.062453
52	0.080664
53	0.081349
0	0.062453
0	0.062453
53	0.081349
54	0.082049
0	0.062453
0	0.062453
54	0.082049
55	0.082764
0	0.062453
0	0.062453
55	0.082764
56	0.083493
0	0.062453
0	0.062453
56	0.083493
57	0.084237
0	0.062453
0	0.062453
57	0.084237
58	0.084996
0	0.062453
0	0.062453
58	0.084996
59	0.08577
0	0.062453
0	0.062453
59	0.08577
60	0.086559
0	0.062453
0	0.062453
60	0.086559
61	0.087362
0	0.062453
0	0.062453
61	0.087362
62	0.088181
0	0.062453
0	0.062453
62	0.088181
63	0.089016
0	0.062453
0	0.062453
63	0.089016
64	0.089865
0	0.062453
0	0.062453
64	0.089865
65	0.09073
0	0.062453
0	0.062453
65	0.09073
66	0.09161
0	0.062453
0	0.062453
66	0.09161
67	0.092506
0	0.062453
0	0.062453
67	0.092506
68	0.093417
0	0.062453
0	0.062453
68	0.093417
69	0.094344
0	0.062453
0	0.062453
69	0.094344
70	0.095287
0	0.062453
0	0.062453
70	0.095287
71	0.096246
0	0.062453
0	0.062453
71	0.096246
72	0.097221
0	0.062453
0	0.062453
72	0.097221
73	0.098211
0	0.062453
0	0.062453
73	0.098211
74	0.099218
0	0.062453
0	0.062453
74	0.099218
75	0.10024
0	0.062453
0	0.062453
75	0.10024
76	0.10128
0	0.062453
0	0.062453
76	0.10128
77	0.10234
0	0.062453
0	0.062453
77	0.10234
78	0.10341
0	0.062453
0	0.062453
78	0.10341
79	0.10449
0	0.062453
0	0.062453
79	0.10449
80	0.1056
0	0.062453
0	0.062453
80	0.1056
81	0.10672
0	0.062453
0	0.062453
81	0.10672
82	0.10786
0	0.062453
0	0.062453
82	0.10786
83	0.10901
0	0.062453
0	0.062453
83	0.10901
84	0.11018
0	0.062453
0	0.062453
84	0.11018
85	0.11137
0	0.062453
0	0.062453
85	0.11137
86	0.11258
0	0.062453
0	0.062453
86	0.11258
87	0.1138
0	0.062453
0	0.062453
87	0.1138
88	0.11504
0	0.062453
0	0.062453
88	0.11504
89	0.11629
0	0.062453
0	0.062453
89	0.11629
90	0.11757
0	0.062453
0	0.062453
90	0.11757
91	0.11886
0	0.062453
0	0.062453
91	0.11886
92	0.12017
0	0.062453
0	0.062453
92	0.12017
93	0.12149
0	0.062453
0	0.062453
93	0.12149
94	0.12284
0	0.062453
0	0.062453
94	0.12284
95	0.1242
0	0.062453
0	0.062453
95	0.1242
96	0.12557
0	0.062453
0	0.062453
96	0.12557
97	0.12697
0	0.062453
0	0.062453
97	0.12697
98	0.12838
0	0.062453
0	0.062453
98	0.12838
99	0.12981
0	0.062453
0	0.062453
99	0.12981
100	0.13126
0	0.062453
0	0.062453
100	0.13126
101	0.13273
0	0.062453
0	0.062453
101	0.13273
102	0.13421
0	0.062453
0	0.062453
102	0.13421
103	0.13572
0	0.062453
0	0.062453
103	0.13572
104	0.13724
0	0.062453
0	0.062453
104	0.13724
105	0.13878
0	0.062453
0	0.062453
105	0.13878
106	0.14033
0	0.062453
0	0.062453
106	0.14033
107	0.14191
0	0.062453
0	0.062453
107	0.14191
108	0.1435
0	0.062453
0	0.062453
108	0.1435
109	0.14512
0	0.062453
0	0.062453
109	0.14512
110	0.14675
0	0.062453
0	0.062453
110	0.14675
111	0.1484
0	0.062453
0	0.062453
111	0.1484
112	0.15006
0	0.062453
0	0.062453
112	0.15006
113	0.15175
0	0.062453
0	0.062453
113	0.15175
114	0.15345
0	0.062453
0	0.062453
114	0.15345
115	0.15518
0	0.062453
0	0.062453
115	0.15518
116	0.15692
0	0.062453
0	0.062453
116	0.15692
117	0.15868
0	0.062453
0	0.062453
117	0.15868
118	0.16046
0	0.062453
0	0.062453
118	0.16046
119	0.16226
0	0.062453
0	0.062453
119	0.16226
120	0.16408
0	0.062453
0	0.062453
120	0.16408
121	0.16592
0	0.062453
0	0.062453
121	0.16592
122	0.16777
0	0.062453
0	0.062453
122	0.16777
123	0.16965
0	0.062453
0	0.062453
123	0.16965
124	0.17155
0	0.062453
0	0.062453
124	0.17155
125	0.17346
0	0.062453
0	0.062453
125	0.17346
126	0.17539
0	0.062453
0	0.062453
126	0.17539
127	0.17735
0	0.062453
0	0.062453
127	0.17735
128	0.17932
0	0.062453
0	0.062453
128	0.17932
129	0.18131
0	0.062453
0	0.062453
129	0.18131
130	0.18332
0	0.062453
0	0.062453
130	0.18332
131	0.18536
0	0.062453
0	0.062453
131	0.18536
132	0.18741
0	0.062453
0	0.062453
132	0.18741
133	0.18948
0	0.062453
0	0.062453
133	0.18948
134	0.19157
0	0.062453
0	0.062453
134	0.19157
135	0.19368
0	0.062453
0	0.062453
135	0.19368
136	0.19581
0	0.062453
0	0.062453
136	0.19581
137	0.19796
0	0.062453
0	0.062453
137	0.19796
138	0.20013
0	0.062453
0	0.062453
138	0.20013
139	0.20232
0	0.062453
0	0.062453
139	0.20232
140	0.20453
0	0.062453
0	0.062453
140	0.20453
141	0.20676
0	0.062453
0	0.062453
141	0.20676
142	0.20902
0	0.062453
0	0.062453
142	0.20902
143	0.21129
0	0.062453
0	0.062453
143	0.21129
144	0.21358
0	0.062453
0	0.062453
144	0.21358
145	0.21589
0	0.062453
0	0.062453
145	0.21589
146	0.21822
0	0.062453
0	0.062453
146	0.21822
147	0.22058
0	0.062453
0	0.062453
147	0.22058
148	0.22295
0	0.062453
0	0.062453
148	0.22295
149	0.22535
0	0.062453
0	0.062453
149	0.22535
150	0.22776
0	0.062453
0	0.062453
150	0.22776
151	0.2302
0	0.062453
0	0.062453
151	0.2302
152	0.23265
0	0.062453
0	0.062453
152	0.23265
153	0.23513
0	0.062453
0	0.062453
153	0.23513
154	0.23763
0	0.062453
0	0.062453
154	0.23763
155	0.24015
0	0.062453
0	0.062453
155	0.24015
156	0.24269
0	0.062453
0	0.062453
156	0.24269
157	0.24525
0	0.062453
0	0.062453
157	0.24525
158	0.24783
0	0.062453
0	0.062453
158	0.24783
159	0.25043
0	0.062453
0	0.062453
159	0.25043
160	0.25306
0	0.062453
0	0.062453
160	0.25306
161	0.2557
0	0.062453
0	0.062453
161	0.2557
162	0.25837
0	0.062453
0	0.062453
162	0.25837
163	0.26106
0	0.062453
0	0.062453
163	0.26106
164	0.26377
0	0.062453
0	0.062453
164	0.26377
165	0.2665
0	0.062453
0	0.062453
165	0.2665
166	0.26925
0	0.062453
0	0.062453
166	0.26925
167	0.27202
0	0.062453
0	0.062453
167	0.27202
168	0.27482
0	0.062453
0	0.062453
168	0.27482
169	0.27764
0	0.062453
0	0.062453
169	0.27764
170	0.28047
0	0.062453
0	0.062453
170	0.28047
171	0.28334
0	0.062453
0	0.062453
171	0.28334
172	0.28622
0	0.062453
0	0.062453
172	0.28622
173	0.28912
0	0.062453
0	0.062453
173	0.28912
174	0.29205
0	0.062453
0	0.062453
174	0.29205
175	0.29499
0	0.062453
0	0.062453
175	0.29499
176	0.29796
0	0.062453
0	0.062453
176	0.29796
177	0.30095
0	0.062453
0	0.062453
177	0.30095
178	0.30397
0	0.062453
0	0.062453
178	0.30397
179	0.307
0	0.062453
0	0.062453
179	0.307
180	0.31006
0	0.062453
0	0.062453
180	0.31006
181	0.31314
0	0.062453
0	0.062453
181	0.31314
182	0.31624
0	0.062453
0	0.062453
182	0.31624
183	0.31936
0	0.062453
0	0.062453
183	0.31936
184	0.32251
0	0.062453
0	0.062453
184	0.32251
185	0.32568
0	0.062453
0	0.062453
185	0.32568
186	0.32887
0	0.062453
0	0.062453
186	0.32887
187	0.33208
0	0.062453
0	0.062453
187	0.33208
188	0.33532
0	0.062453
0	0.062453
188	0.33532
189	0.33858
0	0.062453
0	0.062453
189	0.33858
190	0.34186
0	0.062453
0	0.062453
190	0.34186
191	0.34516
0	0.062453
0	0.062453
191	0.34516
192	0.34849
0	0.062453
0	0.062453
192	0.34849
193	0.35184
0	0.062453
0	0.062453
193	0.35184
194	0.35521
0	0.062453
0	0.062453
194	0.35521
195	0.3586
0	0.062453
0	0.062453
195	0.3586
196	0.36202
0	0.062453
0	0.062453
196	0.36202
197	0.36546
0	0.062453
0	0.062453
197	0.36546
198	0.36892
0	0.062453
0	0.062453
198	0.36892
199	0.37241
0	0.062453
0	0.062453
199	0.37241
200	0.37591
0	0.062453
0	0.062453
200	0.37591
201	0.37945
0	0.062453
0	0.062453
201	0.37945
202	0.383
0	0.062453
0	0.062453
202	0.383
203	0.38658
0	0.062453
0	0.062453
203	0.38658
204	0.39018
0	0.062453
0	0.062453
204	0.39018
205	0.3938
0	0.062453
0	0.062453
205	0.3938
206	0.39745
0	0.062453
0	0.062453
206	0.39745
207	0.40112
0	0.062453
0	0.062453
207	0.40112
208	0.40482
0	0.062453
0	0.062453
208	0.40482
209	0.40853
0	0.062453
0	0.062453
209	0.40853
210	0.41227
0	0.062453
0	0.062453
210	0.41227
211	0.41604
0	0.062453
0	0.062453
211	0.41604
212	0.41983
0	0.062453
0	0.062453
212	0.41983
213	0.42364
0	0.062453
0	0.062453
213	0.42364
214	0.42747
0	0.062453
0	0.062453
214	0.42747
215	0.43133
0	0.062453
0	0.062453
215	0.43133
216	0.43521
0	0.062453
0	0.062453
216	0.43521
217	0.43912
0	0.062453
0	0.062453
217	0.43912
218	0.44305
0	0.062453
0	0.062453
218	0.44305
219	0.447
0	0.062453
0	0.062453
219	0.447
220	0.45098
0	0.062453
0	0.062453
220	0.45098
221	0.45498
0	0.062453
0	0.062453
221	0.45498
222	0.45901
0	0.062453
0	0.062453
222	0.45901
223	0.46305
0	0.062453
0	0.062453
223	0.46305
224	0.46713
0	0.062453
0	0.062453
224	0.46713
225	0.47122
0	0.062453
0	0.062453
225	0.47122
226	0.47535
0	0.062453
0	0.062453
226	0.47535
227	0.47949
0	0.062453
0	0.062453
227	0.47949
228	0.48366
0	0.062453
0	0.062453
228	0.48366
229	0.48785
0	0.062453
0	0.062453
229	0.48785
230	0.49207
0	0.062453
0	0.062453
230	0.49207
231	0.49631
0	0.062453
0	0.062453
231	0.49631
232	0.50058
0	0.062453
0	0.062453
232	0.50058
233	0.50487
0	0.062453
0	0.062453
233	0.50487
234	0.50918
0	0.062453
0	0.062453
234	0.50918
235	0.51352
0	0.062453
0	0.062453
235	0.51352
236	0.51789
0	0.062453
0	0.062453
236	0.51789
237	0.52228
0	0.062453
0	0.062453
237	0.52228
238	0.52669
0	0.062453
0	0.062453
238	0.52669
239	0.53113
0	0.062453
0	0.062453
239	0.53113
240	0.53559
0	0.062453
0	0.062453
240	0.53559
241	0.54007
0	0.062453
0	0.062453
241	0.54007
242	0.54459
0	0.062453
0	0.062453
242	0.54459
243	0.54912
0	0.062453
0	0.062453
243	0.54912
244	0.55368
0	0.062453
0	0.062453
244	0.55368
245	0.55827
0	0.062453
0	0.062453
245	0.55827
246	0.56288
0	0.062453
0	0.062453
246	0.56288
247	0.56752
0	0.062453
0	0.062453
247	0.56752
248	0.57218
0	0.062453
0	0.062453
248	0.57218
249	0.57686
0	0.062453
0	0.062453
249	0.57686
250	0.58157
0	0.062453
0	0.062453
250	0.58157
251	0.58631
0	0.062453
0	0.062453
251	0.58631
252	0.59107
0	0.062453
0	0.062453
252	0.59107
253	0.59585
0	0.062453
0	0.062453
253	0.59585
254	0.60066
0	0.062453
0	0.062453
254	0.60066
255	0.6055
0	0.062453
0	0.062453
255	0.6055
