0	0
0	0
0	0
0	0
1	0.00013453
0	0
0	0
1	0.00013453
2	0.00028219
0	0
0	0
2	0.00028219
3	0.00044334
0	0
0	0
3	0.00044334
4	0.00061831
0	0
0	0
4	0.00061831
5	0.0008074
0	0
0	0
5	0.0008074
6	0.0010109
0	0
0	0
6	0.0010109
7	0.0012292
0	0
0	0
7	0.0012292
8	0.0014625
0	0
0	0
8	0.0014625
9	0.0017112
0	0
0	0
9	0.0017112
10	0.0019754
0	0
0	0
10	0.0019754
11	0.0022554
0	0
0	0
11	0.0022554
12	0.0025516
0	0
0	0
12	0.0025516
13	0.0028642
0	0
0	0
13	0.0028642
14	0.0031934
0	0
0	0
14	0.0031934
15	0.0035394
0	0
0	0
15	0.0035394
16	0.0039025
0	0
0	0
16	0.0039025
17	0.004283
0	0
0	0
17	0.004283
18	0.004681
0	0
0	0
18	0.004681
19	0.0050969
0	0
0	0
19	0.0050969
20	0.0055307
0	0
0	0
20	0.0055307
21	0.0059827
0	0
0	0
21	0.0059827
22	0.0064532
0	0
0	0
22	0.0064532
23	0.0069424
0	0
0	0
23	0.0069424
24	0.0074504
0	0
0	0
24	0.0074504
25	0.0079774
0	0
0	0
25	0.0079774
26	0.0085237
0	0
0	0
26	0.0085237
27	0.0090894
0	0
0	0
27	0.0090894
28	0.0096748
0	0
0	0
28	0.0096748
29	0.01028
0	0
0	0
29	0.01028
30	0.010905
0	0
0	0
30	0.010905
31	0.011551
0	0
0	0
31	0.011551
32	0.012216
0	0
0	0
32	0.012216
33	0.012903
0	0
0	0
33	0.012903
34	0.01361
0	0
0	0
34	0.01361
35	0.014338
0	0
0	0
35	0.014338
36	0.015087
0	0
0	0
36	0.015087
37	0.015857
0	0
0	0
37	0.015857
38	0.016649
0	0
0	0
38	0.016649
39	0.017463
0	0
0	0
39	0.017463
40	0.018298
0	0
0	0
40	0.018298
41	0.019155
0	0
0	0
41	0.019155
42	0.020034
0	0
0	0
42	0.020034
43	0.020936
0	0
0	0
43	0.020936
44	0.021859
0	0
0	0
44	0.021859
45	0.022806
0	0
0	0
45	0.022806
46	0.023775
0	0
0	0
46	0.023775
47	0.024767
0	0
0	0
47	0.024767
48	0.025782
0	0
0	0
48	0.025782
49	0.02682
0	0
0	0
49	0.02682
50	0.027882
0	0
0	0
50	0.027882
51	0.028967
0	0
0	0
51	0.028967
52	0.030075
0	0
0	0
52	0.030075
53	0.031208
0	0
0	0
53	0.031208
54	0.032364
0	0
0	0
54	0.032364
55	0.033544
0	0
0	0
55	0.033544
56	0.034748
0	0
0	0
56	0.034748
57	0.035977
0	0
0	0
57	0.035977
58	0.037231
0	0
0	0
58	0.037231
59	0.038508
0	0
0	0
59	0.038508
60	0.039811
0	0
0	0
60	0.039811
61	0.041138
0	0
0	0
61	0.041138
62	0.042491
0	0
0	0
62	0.042491
63	0.043868
0	0
0	0
63	0.043868
64	0.045271
0	0
0	0
64	0.045271
65	0.0467
0	0
0	0
65	0.0467
66	0.048153
0	0
0	0
66	0.048153
67	0.049633
0	0
0	0
67	0.049633
68	0.051138
0	0
0	0
68	0.051138
69	0.052669
0	0
0	0
69	0.052669
70	0.054226
0	0
0	0
70	0.054226
71	0.05581
0	0
0	0
71	0.05581
72	0.057419
0	0
0	0
72	0.057419
73	0.059055
0	0
0	0
73	0.059055
74	0.060718
0	0
0	0
74	0.060718
75	0.062407
0	0
0	0
75	0.062407
76	0.064123
0	0
0	0
76	0.064123
77	0.065866
0	0
0	0
77	0.065866
78	0.067636
0	0
0	0
78	0.067636
79	0.069433
0	0
0	0
79	0.069433
80	0.071257
0	0
0	0
80	0.071257
81	0.073109
0	0
0	0
81	0.073109
82	0.074988
0	0
0	0
82	0.074988
83	0.076895
0	0
0	0
83	0.076895
84	0.078829
0	0
0	0
84	0.078829
85	0.080792
0	0
0	0
85	0.080792
86	0.082782
0	0
0	0
86	0.082782
87	0.0848
0	0
0	0
87	0.0848
88	0.086846
0	0
0	0
88	0.086846
89	0.088921
0	0
0	0
89	0.088921
90	0.091024
0	0
0	0
90	0.091024
91	0.093156
0	0
0	0
91	0.093156
92	0.095316
0	0
0	0
92	0.095316
93	0.097505
0	0
0	0
93	0.097505
94	0.099723
0	0
0	0
94	0.099723
95	0.10197
0	0
0	0
95	0.10197
96	0.10425
0	0
0	0
96	0.10425
97	0.10655
0	0
0	0
97	0.10655
98	0.10888
0	0
0	0
98	0.10888
99	0.11125
0	0
0	0
99	0.11125
100	0.11364
0	0
0	0
100	0.11364
101	0.11606
0	0
0	0
101	0.11606
102	0.11851
0	0
0	0
102	0.11851
103	0.121
0	0
0	0
103	0.121
104	0.12351
0	0
0	0
104	0.12351
105	0.12605
0	0
0	0
105	0.12605
106	0.12862
0	0
0	0
106	0.12862
107	0.13122
0	0
0	0
107	0.13122
108	0.13386
0	0
0	0
108	0.13386
109	0.13652
0	0
0	0
109	0.13652
110	0.13921
0	0
0	0
110	0.13921
111	0.14194
0	0
0	0
111	0.14194
112	0.14469
0	0
0	0
112	0.14469
113	0.14748
0	0
0	0
113	0.14748
114	0.15029
0	0
0	0
114	0.15029
115	0.15314
0	0
0	0
115	0.15314
116	0.15602
0	0
0	0
116	0.15602
117	0.15893
0	0
0	0
117	0.15893
118	0.16187
0	0
0	0
118	0.16187
119	0.16484
0	0
0	0
119	0.16484
120	0.16784
0	0
0	0
120	0.16784
121	0.17088
0	0
0	0
121	0.17088
122	0.17394
0	0
0	0
122	0.17394
123	0.17704
0	0
0	0
123	0.17704
124	0.18017
0	0
0	0
124	0.18017
125	0.18333
0	0
0	0
125	0.18333
126	0.18653
0	0
0	0
126	0.18653
127	0.18975
0	0
0	0
127	0.18975
128	0.19301
0	0
0	0
128	0.19301
129	0.1963
0	0
0	0
129	0.1963
130	0.19962
0	0
0	0
130	0.19962
131	0.20298
0	0
0	0
131	0.20298
132	0.20637
0	0
0	0
132	0.20637
133	0.20979
0	0
0	0
133	0.20979
134	0.21324
0	0
0	0
134	0.21324
135	0.21672
0	0
0	0
135	0.21672
136	0.22024
0	0
0	0
136	0.22024
137	0.22379
0	0
0	0
137	0.22379
138	0.22738
0	0
0	0
138	0.22738
139	0.231
0	0
0	0
139	0.231
140	0.23465
0	0
0	0
140	0.23465
141	0.23833
0	0
0	0
141	0.23833
142	0.24205
0	0
0	0
142	0.24205
143	0.2458
0	0
0	0
143	0.2458
144	0.24959
0	0
0	0
144	0.24959
145	0.25341
0	0
0	0
145	0.25341
146	0.25726
0	0
0	0
146	0.25726
147	0.26115
0	0
0	0
147	0.26115
148	0.26507
0	0
0	0
148	0.26507
149	0.26902
0	0
0	0
149	0.26902
150	0.27301
0	0
0	0
150	0.27301
151	0.27703
0	0
0	0
151	0.27703
152	0.28109
0	0
0	0
152	0.28109
153	0.28518
0	0
0	0
153	0.28518
154	0.28931
0	0
0	0
154	0.28931
155	0.29347
0	0
0	0
155	0.29347
156	0.29766
0	0
0	0
156	0.29766
157	0.30189
0	0
0	0
157	0.30189
158	0.30616
0	0
0	0
158	0.30616
159	0.31045
0	0
0	0
159	0.31045
160	0.31479
0	0
0	0
160	0.31479
161	0.31916
0	0
0	0
161	0.31916
162	0.32356
0	0
0	0
162	0.32356
163	0.328
0	0
0	0
163	0.328
164	0.33248
0	0
0	0
164	0.33248
165	0.33699
0	0
0	0
165	0.33699
166	0.34153
0	0
0	0
166	0.34153
167	0.34611
0	0
0	0
167	0.34611
168	0.35073
0	0
0	0
168	0.35073
169	0.35538
0	0
0	0
169	0.35538
170	0.36007
0	0
0	0
170	0.36007
171	0.36479
0	0
0	0
171	0.36479
172	0.36955
0	0
0	0
172	0.36955
173	0.37435
0	0
0	0
173	0.37435
174	0.37918
0	0
0	0
174	0.37918
175	0.38405
0	0
0	0
175	0.38405
176	0.38895
0	0
0	0
176	0.38895
177	0.39389
0	0
0	0
177	0.39389
178	0.39887
0	0
0	0
178	0.39887
179	0.40388
0	0
0	0
179	0.40388
180	0.40893
0	0
0	0
180	0.40893
181	0.41401
0	0
0	0
181	0.41401
182	0.41914
0	0
0	0
182	0.41914
183	0.4243
0	0
0	0
183	0.4243
184	0.42949
0	0
0	0
184	0.42949
185	0.43472
0	0
0	0
185	0.43472
186	0.43999
0	0
0	0
186	0.43999
187	0.4453
0	0
0	0
187	0.4453
188	0.45065
0	0
0	0
188	0.45065
189	0.45603
0	0
0	0
189	0.45603
190	0.46144
0	0
0	0
190	0.46144
191	0.4669
0	0
0	0
191	0.4669
192	0.47239
0	0
0	0
192	0.47239
193	0.47792
0	0
0	0
193	0.47792
194	0.48349
0	0
0	0
194	0.48349
195	0.4891
0	0
0	0
195	0.4891
196	0.49474
0	0
0	0
196	0.49474
197	0.50042
0	0
0	0
197	0.50042
198	0.50614
0	0
0	0
198	0.50614
199	0.5119
0	0
0	0
199	0.5119
200	0.51769
0	0
0	0
200	0.51769
201	0.52352
0	0
0	0
201	0.52352
202	0.52939
0	0
0	0
202	0.52939
203	0.5353
0	0
0	0
203	0.5353
204	0.54125
0	0
0	0
204	0.54125
205	0.54724
0	0
0	0
205	0.54724
206	0.55326
0	0
0	0
206	0.55326
207	0.55932
0	0
0	0
207	0.55932
208	0.56542
0	0
0	0
208	0.56542
209	0.57156
0	0
0	0
209	0.57156
210	0.57774
0	0
0	0
210	0.57774
211	0.58396
0	0
0	0
211	0.58396
212	0.59021
0	0
0	0
212	0.59021
213	0.59651
0	0
0	0
213	0.59651
214	0.60284
0	0
0	0
214	0.60284
215	0.60921
0	0
0	0
215	0.60921
216	0.61562
0	0
0	0
216	0.61562
217	0.62207
0	0
0	0
217	0.62207
218	0.62856
0	0
0	0
218	0.62856
219	0.63509
0	0
0	0
219	0.63509
220	0.64166
0	0
0	0
220	0.64166
221	0.64827
0	0
0	0
221	0.64827
222	0.65492
0	0
0	0
222	0.65492
223	0.6616
0	0
0	0
223	0.6616
224	0.66833
0	0
0	0
224	0.66833
225	0.6751
0	0
0	0
225	0.6751
226	0.6819
0	0
0	0
226	0.6819
227	0.68875
0	0
0	0
227	0.68875
228	0.69563
0	0
0	0
228	0.69563
229	0.70256
0	0
0	0
229	0.70256
230	0.70952
0	0
0	0
230	0.70952
231	0.71653
0	0
0	0
231	0.71653
232	0.72358
0	0
0	0
232	0.72358
233	0.73066
0	0
0	0
233	0.73066
234	0.73779
0	0
0	0
234	0.73779
235	0.74496
0	0
0	0
235	0.74496
236	0.75216
0	0
0	0
236	0.75216
237	0.75941
0	0
0	0
237	0.75941
238	0.7667
0	0
0	0
238	0.7667
239	0.77403
0	0
0	0
239	0.77403
240	0.7814
0	0
0	0
240	0.7814
241	0.78881
0	0
0	0
241	0.78881
242	0.79626
0	0
0	0
242	0.79626
243	0.80375
0	0
0	0
243	0.80375
244	0.81128
0	0
0	0
244	0.81128
245	0.81885
0	0
0	0
245	0.81885
246	0.82647
0	0
0	0
246	0.82647
247	0.83412
0	0
0	0
247	0.83412
248	0.84182
0	0
0	0
248	0.84182
249	0.84956
0	0
0	0
249	0.84956
250	0.85734
0	0
0	0
250	0.85734
251	0.86516
0	0
0	0
251	0.86516
252	0.87302
0	0
0	0
252	0.87302
253	0.88092
0	0
0	0
253	0.88092
254	0.88887
0	0
0	0
254	0.88887
255	0.89686
0	0
0	0
255	0.89686
