0	0.3
0	0.2998
0	0.2997
0	0.2997
1	0.2999
0	0.3053
0	0.2972
1	0.3025
2	0.2997
0	0.318
0	0.2931
2	0.3129
3	0.2999
0	0.3292
0	0.2874
3	0.3204
4	0.3027
0	0.3421
0	0.2833
4	0.327
5	0.3027
0	0.3587
0	0.2761
5	0.3355
6	0.3028
0	0.3747
0	0.2692
6	0.3461
7	0.3029
0	0.3863
0	0.2621
7	0.3491
8	0.303
0	0.4057
0	0.2533
8	0.3547
9	0.3054
0	0.422
0	0.2466
9	0.3608
10	0.3055
0	0.431
0	0.2392
10	0.361
11	0.3056
0	0.4448
0	0.23
11	0.3635
12	0.305
0	0.4579
0	0.2192
12	0.3658
13	0.3077
0	0.4671
0	0.2105
13	0.3646
14	0.3077
0	0.4793
0	0.2012
14	0.3661
15	0.3077
0	0.4883
0	0.1907
15	0.3643
16	0.3101
0	0.4986
0	0.1828
16	0.3644
17	0.31
0	0.5054
0	0.175
17	0.3626
18	0.3099
0	0.5117
0	0.1673
18	0.3617
19	0.3098
0	0.5171
0	0.161
19	0.3612
20	0.3121
0	0.5236
0	0.1557
20	0.3614
21	0.3119
0	0.5292
0	0.15
21	0.3587
22	0.3134
0	0.5339
0	0.1443
22	0.3577
23	0.3132
0	0.539
0	0.1389
23	0.3572
24	0.313
0	0.5429
0	0.1344
24	0.3563
25	0.3144
0	0.5462
0	0.1297
25	0.3554
26	0.314
0	0.5499
0	0.1256
26	0.3537
27	0.3153
0	0.5527
0	0.1219
27	0.3538
28	0.3149
0	0.5554
0	0.1202
28	0.3537
29	0.3147
0	0.5587
0	0.1165
29	0.3514
30	0.316
0	0.5607
0	0.1138
30	0.3511
31	0.3157
0	0.562
0	0.1109
31	0.3507
32	0.3169
0	0.5645
0	0.1082
32	0.3502
33	0.3165
0	0.5661
0	0.1056
33	0.3501
34	0.3174
0	0.5686
0	0.1046
34	0.3493
35	0.3187
0	0.5699
0	0.1025
35	0.349
36	0.3183
0	0.572
0	0.1004
36	0.3485
37	0.3194
0	0.5735
0	0.0984
37	0.3487
38	0.319
0	0.5745
0	0.0965
38	0.3476
39	0.3199
0	0.5757
0	0.0961
39	0.3476
40	0.321
0	0.5763
0	0.0943
40	0.347
41	0.3204
0	0.5777
0	0.0928
41	0.3467
42	0.3213
0	0.5792
0	0.0913
42	0.3465
43	0.3219
0	0.5797
0	0.0898
43	0.3461
44	0.3215
0	0.5805
0	0.0891
44	0.346
45	0.3223
0	0.5821
0	0.0879
45	0.3455
46	0.3229
0	0.5825
0	0.0867
46	0.3452
47	0.3222
0	0.5831
0	0.0855
47	0.345
48	0.3229
0	0.585
0	0.0851
48	0.3447
49	0.3235
0	0.5854
0	0.0841
49	0.3447
50	0.324
0	0.5861
0	0.0831
50	0.3439
51	0.3247
0	0.5866
0	0.082
51	0.344
52	0.3241
0	0.5874
0	0.0817
52	0.3437
53	0.3245
0	0.5884
0	0.0808
53	0.3439
54	0.3252
0	0.5888
0	0.0799
54	0.3434
55	0.3258
0	0.5897
0	0.079
55	0.3431
56	0.3262
0	0.5901
0	0.0788
56	0.3426
57	0.3268
0	0.5911
0	0.0779
57	0.3424
58	0.3269
0	0.5914
0	0.0772
58	0.3429
59	0.3276
0	0.5916
0	0.077
59	0.3427
60	0.3281
0	0.5924
0	0.0763
60	0.3423
61	0.3286
0	0.5931
0	0.0756
61	0.3423
62	0.3287
0	0.5934
0	0.0755
62	0.3425
63	0.329
0	0.5938
0	0.0749
63	0.3428
64	0.3291
0	0.5945
0	0.0743
64	0.3428
65	0.3293
0	0.5948
0	0.0745
65	0.3425
66	0.3293
0	0.5954
0	0.0739
66	0.3421
67	0.3295
0	0.5954
0	0.0734
67	0.3423
68	0.3297
0	0.5953
0	0.0734
68	0.3421
69	0.3307
0	0.596
0	0.0728
69	0.3419
70	0.3307
0	0.5962
0	0.0728
70	0.3417
71	0.331
0	0.5964
0	0.0723
71	0.3415
72	0.3313
0	0.5962
0	0.0718
72	0.3413
73	0.3321
0	0.5966
0	0.0718
73	0.3411
74	0.3323
0	0.5967
0	0.0714
74	0.3409
75	0.3324
0	0.5966
0	0.0714
75	0.3408
76	0.3325
0	0.5973
0	0.0709
76	0.3407
77	0.3331
0	0.5975
0	0.0709
77	0.3405
78	0.3331
0	0.5978
0	0.0705
78	0.3403
79	0.333
0	0.5979
0	0.0701
79	0.3402
80	0.3336
0	0.5981
0	0.07
80	0.3399
81	0.3337
0	0.5984
0	0.0696
81	0.3397
82	0.3342
0	0.5985
0	0.0696
82	0.3398
83	0.3342
0	0.5986
0	0.0691
83	0.3394
84	0.3348
0	0.5991
0	0.0692
84	0.3392
85	0.3348
0	0.5993
0	0.0687
85	0.3392
86	0.3352
0	0.5996
0	0.0688
86	0.339
87	0.3351
0	0.5999
0	0.0684
87	0.3389
88	0.3354
0	0.5996
0	0.0684
88	0.3387
89	0.3353
0	0.5998
0	0.068
89	0.3386
90	0.3355
0	0.6
0	0.068
90	0.3386
91	0.3358
0	0.6005
0	0.0677
91	0.3383
92	0.3357
0	0.6006
0	0.0677
92	0.3383
93	0.3359
0	0.6007
0	0.0673
93	0.3382
94	0.3362
0	0.6013
0	0.0674
94	0.3382
95	0.336
0	0.6011
0	0.067
95	0.3381
96	0.3361
0	0.6014
0	0.0671
96	0.338
97	0.3361
0	0.6015
0	0.0671
97	0.3378
98	0.3365
0	0.6018
0	0.0668
98	0.3378
99	0.3363
0	0.6018
0	0.0668
99	0.3378
100	0.3364
0	0.6023
0	0.0665
100	0.3377
101	0.3365
0	0.6024
0	0.0665
101	0.3377
102	0.3367
0	0.6027
0	0.0666
102	0.3377
103	0.3368
0	0.6026
0	0.0663
103	0.3378
104	0.3368
0	0.6029
0	0.0664
104	0.3377
105	0.337
0	0.6032
0	0.0662
105	0.3375
106	0.3368
0	0.603
0	0.0662
106	0.3378
107	0.3365
0	0.6033
0	0.0662
107	0.3378
108	0.3368
0	0.6035
0	0.0659
108	0.3379
109	0.3367
0	0.6038
0	0.0659
109	0.3379
110	0.3368
0	0.6042
0	0.0659
110	0.3379
111	0.3368
0	0.604
0	0.0657
111	0.3379
112	0.3368
0	0.6043
0	0.0656
112	0.338
113	0.3369
0	0.6044
0	0.0657
113	0.3381
114	0.3367
0	0.6047
0	0.0654
114	0.3381
115	0.3368
0	0.6047
0	0.0654
115	0.3381
116	0.3368
0	0.605
0	0.0654
116	0.3383
117	0.337
0	0.6048
0	0.0655
117	0.3383
118	0.3369
0	0.605
0	0.0653
118	0.3383
119	0.3368
0	0.6052
0	0.0653
119	0.3384
120	0.3367
0	0.6051
0	0.0653
120	0.3385
121	0.3369
0	0.6053
0	0.0654
121	0.3386
122	0.3368
0	0.6051
0	0.0652
122	0.3386
123	0.3367
0	0.6053
0	0.0653
123	0.3386
124	0.3368
0	0.6052
0	0.0653
124	0.3387
125	0.3366
0	0.6051
0	0.0654
125	0.3387
126	0.3369
0	0.6055
0	0.0652
126	0.3388
127	0.3367
0	0.6053
0	0.0652
127	0.3388
128	0.337
0	0.6053
0	0.0652
128	0.3389
129	0.3368
0	0.6049
0	0.0652
129	0.3388
130	0.3369
0	0.6051
0	0.0653
130	0.3389
131	0.3368
0	0.6049
0	0.0653
131	0.3387
132	0.3369
0	0.6047
0	0.0651
132	0.3384
133	0.3369
0	0.6047
0	0.0651
133	0.3383
134	0.3369
0	0.6046
0	0.0651
134	0.3379
135	0.3369
0	0.6044
0	0.0651
135	0.3375
136	0.3368
0	0.6044
0	0.0651
136	0.3372
137	0.3369
0	0.6041
0	0.0651
137	0.3369
138	0.337
0	0.604
0	0.0651
138	0.3366
139	0.3368
0	0.6037
0	0.0648
139	0.3364
140	0.3369
0	0.6034
0	0.0648
140	0.3362
141	0.3369
0	0.6033
0	0.0648
141	0.3362
142	0.3369
0	0.6032
0	0.0647
142	0.3362
143	0.3369
0	0.6031
0	0.0648
143	0.3362
144	0.337
0	0.603
0	0.0648
144	0.3364
145	0.3371
0	0.603
0	0.0648
145	0.3363
146	0.337
0	0.6031
0	0.0648
146	0.3364
147	0.3371
0	0.6032
0	0.0647
147	0.3364
148	0.337
0	0.6032
0	0.0647
148	0.3365
149	0.337
0	0.6033
0	0.0646
149	0.3365
150	0.337
0	0.6032
0	0.0646
150	0.3365
151	0.337
0	0.6033
0	0.0646
151	0.3365
152	0.337
0	0.6033
0	0.0645
152	0.3365
153	0.337
0	0.6032
0	0.0645
153	0.3366
154	0.3368
0	0.6033
0	0.0644
154	0.3366
155	0.3367
0	0.6035
0	0.0644
155	0.3366
156	0.3366
0	0.6034
0	0.0644
156	0.3366
157	0.3366
0	0.6033
0	0.0643
157	0.3366
158	0.3366
0	0.6034
0	0.0643
158	0.3367
159	0.3365
0	0.6035
0	0.0643
159	0.3366
160	0.3364
0	0.6034
0	0.0643
160	0.3367
161	0.3364
0	0.6034
0	0.0642
161	0.3367
162	0.3364
0	0.6034
0	0.0641
162	0.3367
163	0.3362
0	0.6032
0	0.0641
163	0.3367
164	0.3362
0	0.6033
0	0.0642
164	0.3367
165	0.3362
0	0.6033
0	0.0642
165	0.3367
166	0.3361
0	0.6031
0	0.0641
166	0.3367
167	0.3361
0	0.6033
0	0.0641
167	0.3368
168	0.3361
0	0.6033
0	0.064
168	0.3369
169	0.336
0	0.6033
0	0.0639
169	0.3368
170	0.3359
0	0.6033
0	0.0639
170	0.3367
171	0.3358
0	0.6032
0	0.064
171	0.3369
172	0.3357
0	0.6032
0	0.064
172	0.337
173	0.3357
0	0.6033
0	0.064
173	0.3369
174	0.3357
0	0.6032
0	0.0639
174	0.3369
175	0.3357
0	0.6033
0	0.0639
175	0.3371
176	0.3356
0	0.6032
0	0.0639
176	0.337
177	0.3355
0	0.6031
0	0.0639
177	0.3371
178	0.3354
0	0.6032
0	0.0639
178	0.3371
179	0.3354
0	0.6031
0	0.0638
179	0.3371
180	0.3354
0	0.6031
0	0.0639
180	0.3371
181	0.3355
0	0.6031
0	0.0638
181	0.3372
182	0.3354
0	0.603
0	0.0637
182	0.3372
183	0.3353
0	0.603
0	0.0637
183	0.3372
184	0.3352
0	0.6029
0	0.0638
184	0.3373
185	0.3352
0	0.603
0	0.0637
185	0.3372
186	0.3351
0	0.603
0	0.0637
186	0.3373
187	0.3351
0	0.603
0	0.0638
187	0.3373
188	0.335
0	0.6029
0	0.0637
188	0.3373
189	0.3349
0	0.6029
0	0.0637
189	0.3373
190	0.3348
0	0.6029
0	0.0637
190	0.3373
191	0.3349
0	0.603
0	0.0637
191	0.3372
192	0.3348
0	0.603
0	0.0637
192	0.3373
193	0.3347
0	0.6029
0	0.0637
193	0.3373
194	0.3348
0	0.6028
0	0.0636
194	0.3372
195	0.3347
0	0.6029
0	0.0636
195	0.3371
196	0.3348
0	0.6029
0	0.0636
196	0.3371
197	0.3347
0	0.6028
0	0.0636
197	0.3371
198	0.3346
0	0.6029
0	0.0636
198	0.337
199	0.3346
0	0.6029
0	0.0635
199	0.337
200	0.3345
0	0.6028
0	0.0635
200	0.337
201	0.3345
0	0.6028
0	0.0635
201	0.337
202	0.3345
0	0.6029
0	0.0634
202	0.3368
203	0.3345
0	0.6028
0	0.0635
203	0.3367
204	0.3345
0	0.6028
0	0.0634
204	0.3367
205	0.3344
0	0.6029
0	0.0635
205	0.3367
206	0.3344
0	0.6029
0	0.0634
206	0.3366
207	0.3344
0	0.6028
0	0.0634
207	0.3365
208	0.3344
0	0.6028
0	0.0633
208	0.3364
209	0.3344
0	0.6028
0	0.0633
209	0.3364
210	0.3343
0	0.6029
0	0.0633
210	0.3363
211	0.3342
0	0.6029
0	0.0633
211	0.3361
212	0.3343
0	0.603
0	0.0632
212	0.336
213	0.3344
0	0.6029
0	0.0632
213	0.3359
214	0.3343
0	0.6029
0	0.0633
214	0.3358
215	0.3343
0	0.603
0	0.0632
215	0.3357
216	0.3343
0	0.6031
0	0.0632
216	0.3355
217	0.3342
0	0.6031
0	0.0631
217	0.3355
218	0.3342
0	0.6031
0	0.0631
218	0.3355
219	0.3341
0	0.603
0	0.0631
219	0.3353
220	0.3341
0	0.6031
0	0.063
220	0.3352
221	0.3341
0	0.6031
0	0.063
221	0.3351
222	0.3341
0	0.6032
0	0.063
222	0.335
223	0.3342
0	0.6033
0	0.0629
223	0.3349
224	0.3341
0	0.6032
0	0.0629
224	0.3349
225	0.334
0	0.6033
0	0.0629
225	0.3347
226	0.3341
0	0.603
0	0.0628
226	0.3346
227	0.334
0	0.6031
0	0.0628
227	0.3346
228	0.334
0	0.603
0	0.0628
228	0.3345
229	0.3339
0	0.603
0	0.0627
229	0.3345
230	0.3339
0	0.603
0	0.0627
230	0.3345
231	0.334
0	0.6029
0	0.0627
231	0.3344
232	0.334
0	0.6029
0	0.0626
232	0.3343
233	0.334
0	0.6028
0	0.0626
233	0.3343
234	0.3339
0	0.6028
0	0.0625
234	0.3343
235	0.334
0	0.6028
0	0.0625
235	0.3343
236	0.334
0	0.6028
0	0.0625
236	0.3343
237	0.3339
0	0.6027
0	0.0624
237	0.3343
238	0.3339
0	0.6027
0	0.0624
238	0.3343
239	0.3338
0	0.6028
0	0.0624
239	0.3344
240	0.3338
0	0.6028
0	0.0623
240	0.3344
241	0.3339
0	0.6028
0	0.0623
241	0.3345
242	0.3338
0	0.6028
0	0.0623
242	0.3349
243	0.3337
0	0.6027
0	0.0622
243	0.335
244	0.3337
0	0.6029
0	0.0622
244	0.335
245	0.3337
0	0.6028
0	0.0622
245	0.3351
246	0.3336
0	0.6029
0	0.0622
246	0.3352
247	0.3337
0	0.6028
0	0.0622
247	0.3354
248	0.3336
0	0.6028
0	0.0622
248	0.3357
249	0.3336
0	0.6029
0	0.0622
249	0.3358
250	0.3336
0	0.6029
0	0.0621
250	0.336
251	0.3335
0	0.6029
0	0.062
251	0.336
252	0.3335
0	0.6029
0	0.0621
252	0.3359
253	0.3336
0	0.603
0	0.0621
253	0.3361
254	0.3335
0	0.6028
0	0.0621
254	0.3361
255	0.3334
0	0.6029
0	0.062
255	0.336
