0	0.00075797
1	0.00075797
2	0.00075797
3	0.00075797
4	0.00075797
5	0.00075797
6	0.00075797
7	0.00075797
8	0.00075797
9	0.00075797
10	0.0045382
11	0.008637
12	0.012444
13	0.016995
14	0.021161
15	0.025375
16	0.029312
17	0.033905
18	0.038186
19	0.042478
20	0.046579
21	0.051234
22	0.055617
23	0.060047
24	0.064261
25	0.068905
26	0.073313
27	0.077765
28	0.082029
29	0.086689
30	0.091149
31	0.095656
32	0.099991
33	0.10463
34	0.10904
35	0.11353
36	0.11786
37	0.12249
38	0.12693
39	0.13146
40	0.13584
41	0.14044
42	0.14491
43	0.14936
44	0.15373
45	0.15831
46	0.16272
47	0.16717
48	0.17152
49	0.17611
50	0.18055
51	0.18507
52	0.18947
53	0.19408
54	0.19852
55	0.20305
56	0.20749
57	0.21205
58	0.21646
59	0.22097
60	0.22535
61	0.22979
62	0.23424
63	0.23867
64	0.24303
65	0.24746
66	0.25183
67	0.25618
68	0.26047
69	0.26488
70	0.26921
71	0.27351
72	0.27778
73	0.28218
74	0.28647
75	0.29084
76	0.2951
77	0.29938
78	0.30367
79	0.30792
80	0.31216
81	0.31644
82	0.32068
83	0.32483
84	0.329
85	0.33326
86	0.33748
87	0.34169
88	0.34582
89	0.35002
90	0.35418
91	0.35828
92	0.36233
93	0.36652
94	0.3706
95	0.37473
96	0.37881
97	0.38286
98	0.38684
99	0.39085
100	0.39478
101	0.39882
102	0.40279
103	0.40681
104	0.41066
105	0.4147
106	0.41857
107	0.42255
108	0.42637
109	0.43032
110	0.43424
111	0.43813
112	0.4418
113	0.44568
114	0.44938
115	0.45315
116	0.45689
117	0.46072
118	0.46447
119	0.46821
120	0.47177
121	0.47556
122	0.47922
123	0.48282
124	0.48643
125	0.48994
126	0.49353
127	0.49723
128	0.50076
129	0.50492
130	0.50903
131	0.51299
132	0.51687
133	0.52085
134	0.52499
135	0.52902
136	0.53283
137	0.53676
138	0.54087
139	0.54461
140	0.54864
141	0.55249
142	0.55648
143	0.56027
144	0.56398
145	0.56791
146	0.57166
147	0.57539
148	0.57922
149	0.58416
150	0.58787
151	0.59156
152	0.59524
153	0.59906
154	0.60269
155	0.60634
156	0.60992
157	0.61356
158	0.61713
159	0.62078
160	0.62445
161	0.62809
162	0.63172
163	0.63528
164	0.63887
165	0.6426
166	0.6462
167	0.64985
168	0.65352
169	0.65705
170	0.66074
171	0.66426
172	0.66788
173	0.67156
174	0.67521
175	0.67895
176	0.68258
177	0.68638
178	0.69011
179	0.69383
180	0.69751
181	0.70129
182	0.70498
183	0.7088
184	0.71242
185	0.71628
186	0.72021
187	0.72394
188	0.72769
189	0.73159
190	0.73551
191	0.73943
192	0.74331
193	0.74802
194	0.75244
195	0.75688
196	0.76139
197	0.76605
198	0.77062
199	0.77519
200	0.77975
201	0.78457
202	0.78926
203	0.794
204	0.79861
205	0.80339
206	0.80821
207	0.81281
208	0.81755
209	0.82234
210	0.82706
211	0.83178
212	0.83635
213	0.84112
214	0.84354
215	0.84821
216	0.85286
217	0.85516
218	0.85999
219	0.86472
220	0.86714
221	0.87172
222	0.8764
223	0.87876
224	0.88343
225	0.88803
226	0.89027
227	0.89492
228	0.89947
229	0.90175
230	0.90621
231	0.91055
232	0.91274
233	0.91716
234	0.92154
235	0.92363
236	0.92783
237	0.93193
238	0.93398
239	0.93802
240	0.94193
241	0.94389
242	0.94773
243	0.95143
244	0.95326
245	0.95676
246	0.96034
247	0.96204
248	0.96549
249	0.9687
250	0.97196
251	0.9756
252	0.97924
253	0.98588
254	0.9933
255	0.99967
