0	0.00083317
1	0.00083317
2	0.00083317
3	0.00083317
4	0.00083317
5	0.0025784
6	0.0081422
7	0.013423
8	0.018492
9	0.023398
10	0.024395
11	0.024968
12	0.025747
13	0.025709
14	0.025997
15	0.026183
16	0.026603
17	0.026327
18	0.02633
19	0.026291
20	0.026417
21	0.025966
22	0.025765
23	0.025498
24	0.025432
25	0.024919
26	0.024629
27	0.024281
28	0.024111
29	0.023534
30	0.023147
31	0.022704
32	0.022426
33	0.021833
34	0.021469
35	0.021016
36	0.020709
37	0.020104
38	0.019678
39	0.019162
40	0.018797
41	0.018196
42	0.017732
43	0.017275
44	0.016901
45	0.016313
46	0.015884
47	0.015422
48	0.015055
49	0.014437
50	0.013982
51	0.013435
52	0.013002
53	0.012358
54	0.011892
55	0.011326
56	0.010848
57	0.010249
58	0.0098003
59	0.0092536
60	0.0088324
61	0.0083428
62	0.0078476
63	0.0073722
64	0.0069636
65	0.0064858
66	0.0060656
67	0.0056701
68	0.0053277
69	0.0048631
70	0.0044743
71	0.0041228
72	0.0038002
73	0.0033382
74	0.0029876
75	0.0025622
76	0.0022438
77	0.0019027
78	0.0015526
79	0.0012425
80	0.00094698
81	0.00059573
82	0.00029502
83	8.2397e-05
84	0.00015171
85	0.00047736
86	0.00075513
87	0.0010401
88	0.001232
89	0.0014949
90	0.0017236
91	0.0018942
92	0.0020089
93	0.0022701
94	0.0024209
95	0.0026179
96	0.0027603
97	0.0028872
98	0.002935
99	0.0030193
100	0.0030138
101	0.0031286
102	0.003172
103	0.0032584
104	0.0031776
105	0.0032925
106	0.003235
107	0.0032898
108	0.0031852
109	0.0032073
110	0.003197
111	0.0031631
112	0.0029121
113	0.002858
114	0.0026333
115	0.0024765
116	0.002296
117	0.0022029
118	0.0020267
119	0.0018385
120	0.0014776
121	0.0013383
122	0.0010775
123	0.00075432
124	0.00044595
125	2.9213e-05
126	0.00030385
127	0.00052549
128	0.00091739
129	0.00068667
130	0.00050181
131	0.00046447
132	0.00050673
133	0.00044972
134	0.00022765
135	0.00011462
136	0.00023018
137	0.00022495
138	3.0155e-05
139	0.0002115
140	0.00010604
141	0.00017534
142	0.0001131
143	0.00024494
144	0.00045472
145	0.00044089
146	0.00061842
147	0.00080192
148	0.00089484
149	0.00012663
150	8.7669e-05
151	0.00031818
152	0.00055126
153	0.00065494
154	0.00094661
155	0.0012141
156	0.0015611
157	0.0018323
158	0.002182
159	0.0024571
160	0.0027094
161	0.0029892
162	0.0032713
163	0.003629
164	0.0039636
165	0.0041551
166	0.00447
167	0.0047393
168	0.0049877
169	0.0053796
170	0.0056096
171	0.0060046
172	0.0063088
173	0.006547
174	0.0068111
175	0.0069883
176	0.0072812
177	0.0073995
178	0.0075889
179	0.0077823
180	0.0080232
181	0.0081598
182	0.0083868
183	0.00849
184	0.0087885
185	0.0088383
186	0.0088318
187	0.0090182
188	0.0091884
189	0.0092
190	0.0091982
191	0.0092032
192	0.009235
193	0.0084412
194	0.0079411
195	0.007416
196	0.0068281
197	0.0060826
198	0.0054311
199	0.004777
200	0.004139
201	0.0032379
202	0.0024675
203	0.0016417
204	0.0009435
205	8.1627e-05
206	0.00081485
207	0.0014965
208	0.0023205
209	0.0031962
210	0.0040008
211	0.0048047
212	0.005454
213	0.0063084
214	0.0048147
215	0.0055657
216	0.0062999
217	0.0046795
218	0.0055953
219	0.0064101
220	0.0049117
221	0.0055784
222	0.0063422
223	0.0047855
224	0.0055322
225	0.006215
226	0.0045391
227	0.0052695
228	0.0059062
229	0.0042704
230	0.0048157
231	0.0052405
232	0.0035073
233	0.0040125
234	0.0044747
235	0.0026473
236	0.0029351
237	0.0031236
238	0.0012508
239	0.0013745
240	0.001373
241	0.00058669
242	0.00066376
243	0.00087671
244	0.0029628
245	0.0033759
246	0.0037203
247	0.0059283
248	0.0063976
249	0.0071085
250	0.0077633
251	0.0080416
252	0.00831
253	0.0055896
254	0.0020827
255	0.00036564
