0	0.0015911
1	0.0015911
2	0.0015911
3	0.0015911
4	0.0015911
5	0.0033364
6	0.0089002
7	0.014181
8	0.01925
9	0.024156
10	0.028933
11	0.033605
12	0.038191
13	0.042705
14	0.047157
15	0.051558
16	0.055915
17	0.060232
18	0.064515
19	0.068769
20	0.072996
21	0.0772
22	0.081382
23	0.085546
24	0.089693
25	0.093824
26	0.097942
27	0.10205
28	0.10614
29	0.11022
30	0.1143
31	0.11836
32	0.12242
33	0.12646
34	0.13051
35	0.13454
36	0.13857
37	0.14259
38	0.14661
39	0.15063
40	0.15463
41	0.15864
42	0.16264
43	0.16664
44	0.17063
45	0.17462
46	0.17861
47	0.18259
48	0.18657
49	0.19055
50	0.19453
51	0.1985
52	0.20247
53	0.20644
54	0.21041
55	0.21438
56	0.21834
57	0.2223
58	0.22626
59	0.23022
60	0.23418
61	0.23814
62	0.24209
63	0.24604
64	0.25
65	0.25395
66	0.2579
67	0.26185
68	0.26579
69	0.26974
70	0.27369
71	0.27763
72	0.28158
73	0.28552
74	0.28946
75	0.2934
76	0.29735
77	0.30129
78	0.30523
79	0.30916
80	0.3131
81	0.31704
82	0.32098
83	0.32491
84	0.32885
85	0.33279
86	0.33672
87	0.34065
88	0.34459
89	0.34852
90	0.35246
91	0.35639
92	0.36032
93	0.36425
94	0.36818
95	0.37211
96	0.37604
97	0.37998
98	0.38391
99	0.38783
100	0.39176
101	0.39569
102	0.39962
103	0.40355
104	0.40748
105	0.41141
106	0.41533
107	0.41926
108	0.42319
109	0.42711
110	0.43104
111	0.43497
112	0.43889
113	0.44282
114	0.44674
115	0.45067
116	0.45459
117	0.45852
118	0.46244
119	0.46637
120	0.47029
121	0.47422
122	0.47814
123	0.48207
124	0.48599
125	0.48991
126	0.49384
127	0.49776
128	0.50168
129	0.5056
130	0.50953
131	0.51345
132	0.51737
133	0.52129
134	0.52522
135	0.52914
136	0.53306
137	0.53698
138	0.5409
139	0.54483
140	0.54875
141	0.55267
142	0.55659
143	0.56051
144	0.56443
145	0.56835
146	0.57227
147	0.57619
148	0.58011
149	0.58404
150	0.58796
151	0.59188
152	0.5958
153	0.59972
154	0.60364
155	0.60756
156	0.61148
157	0.6154
158	0.61932
159	0.62324
160	0.62715
161	0.63107
162	0.63499
163	0.63891
164	0.64283
165	0.64675
166	0.65067
167	0.65459
168	0.65851
169	0.66243
170	0.66635
171	0.67027
172	0.67418
173	0.6781
174	0.68202
175	0.68594
176	0.68986
177	0.69378
178	0.6977
179	0.70161
180	0.70553
181	0.70945
182	0.71337
183	0.71729
184	0.7212
185	0.72512
186	0.72904
187	0.73296
188	0.73688
189	0.74079
190	0.74471
191	0.74863
192	0.75255
193	0.75647
194	0.76038
195	0.7643
196	0.76822
197	0.77214
198	0.77605
199	0.77997
200	0.78389
201	0.78781
202	0.79172
203	0.79564
204	0.79956
205	0.80347
206	0.80739
207	0.81131
208	0.81523
209	0.81914
210	0.82306
211	0.82698
212	0.83089
213	0.83481
214	0.83873
215	0.84265
216	0.84656
217	0.85048
218	0.8544
219	0.85831
220	0.86223
221	0.86615
222	0.87006
223	0.87398
224	0.8779
225	0.88181
226	0.88573
227	0.88965
228	0.89356
229	0.89748
230	0.9014
231	0.90531
232	0.90923
233	0.91314
234	0.91706
235	0.92098
236	0.92489
237	0.92881
238	0.93273
239	0.93664
240	0.94056
241	0.94448
242	0.94839
243	0.95231
244	0.95622
245	0.96014
246	0.96406
247	0.96797
248	0.97189
249	0.97581
250	0.97972
251	0.98364
252	0.98755
253	0.99147
254	0.99539
255	0.9993
