0	0
1	5.3811e-05
2	0.00010916
3	0.00018019
4	0.00025399
5	0.00034993
6	0.00044679
7	0.00055564
8	0.00066695
9	0.00082316
10	0.00097814
11	0.00115
12	0.0013244
13	0.0015519
14	0.0017789
15	0.002027
16	0.0022761
17	0.0025882
18	0.0029003
19	0.0032342
20	0.0035734
21	0.0039823
22	0.0043913
23	0.0048286
24	0.0052671
25	0.0057763
26	0.0062852
27	0.0068248
28	0.007366
29	0.0079853
30	0.0086055
31	0.0092599
32	0.0099157
33	0.010647
34	0.01137
35	0.012135
36	0.012901
37	0.01375
38	0.014595
39	0.015486
40	0.016376
41	0.017344
42	0.018315
43	0.019313
44	0.020323
45	0.021413
46	0.022497
47	0.02362
48	0.024748
49	0.025975
50	0.027191
51	0.028464
52	0.029738
53	0.031108
54	0.032457
55	0.033872
56	0.035293
57	0.036787
58	0.038266
59	0.039813
60	0.04135
61	0.042946
62	0.044579
63	0.046239
64	0.047909
65	0.04964
66	0.051384
67	0.053152
68	0.054932
69	0.056799
70	0.058668
71	0.060556
72	0.062466
73	0.064474
74	0.066466
75	0.06853
76	0.070577
77	0.072672
78	0.074806
79	0.076955
80	0.079132
81	0.081374
82	0.083624
83	0.085863
84	0.088148
85	0.090518
86	0.092898
87	0.095318
88	0.09772
89	0.1002
90	0.10269
91	0.10519
92	0.10768
93	0.1103
94	0.11289
95	0.11554
96	0.11819
97	0.12086
98	0.12352
99	0.12623
100	0.12892
101	0.13173
102	0.13451
103	0.13737
104	0.14014
105	0.14308
106	0.14593
107	0.1489
108	0.15178
109	0.15479
110	0.15781
111	0.16084
112	0.16374
113	0.16682
114	0.1698
115	0.17287
116	0.17595
117	0.17913
118	0.18227
119	0.18544
120	0.18849
121	0.19176
122	0.19496
123	0.19814
124	0.20135
125	0.2045
126	0.20775
127	0.21114
128	0.2144
129	0.21827
130	0.22214
131	0.2259
132	0.22963
133	0.23349
134	0.23755
135	0.24154
136	0.24534
137	0.2493
138	0.25349
139	0.25733
140	0.2615
141	0.26553
142	0.26973
143	0.27377
144	0.27775
145	0.28201
146	0.2861
147	0.29022
148	0.29447
149	0.30002
150	0.30421
151	0.30843
152	0.31267
153	0.3171
154	0.32134
155	0.32565
156	0.32989
157	0.33426
158	0.33856
159	0.34299
160	0.34748
161	0.35197
162	0.35649
163	0.36095
164	0.36547
165	0.3702
166	0.37481
167	0.37952
168	0.38429
169	0.3889
170	0.39376
171	0.39843
172	0.40326
173	0.40821
174	0.41316
175	0.41826
176	0.42324
177	0.4285
178	0.4337
179	0.43893
180	0.44412
181	0.4495
182	0.45479
183	0.4603
184	0.46556
185	0.47121
186	0.47699
187	0.48253
188	0.48813
189	0.494
190	0.49993
191	0.5059
192	0.51186
193	0.51915
194	0.52604
195	0.53302
196	0.54015
197	0.5476
198	0.55494
199	0.56236
200	0.5698
201	0.57773
202	0.58551
203	0.59344
204	0.60122
205	0.60934
206	0.61758
207	0.62551
208	0.63376
209	0.64215
210	0.65048
211	0.65888
212	0.66706
213	0.67567
214	0.68006
215	0.68858
216	0.69713
217	0.70137
218	0.71035
219	0.71921
220	0.72376
221	0.73243
222	0.74135
223	0.74587
224	0.75485
225	0.76376
226	0.76813
227	0.77723
228	0.78621
229	0.79073
230	0.79962
231	0.80832
232	0.81272
233	0.82166
234	0.83058
235	0.83486
236	0.8435
237	0.85198
238	0.85623
239	0.86465
240	0.87286
241	0.87698
242	0.8851
243	0.89297
244	0.89688
245	0.90438
246	0.91207
247	0.91576
248	0.92323
249	0.93021
250	0.93734
251	0.94534
252	0.95339
253	0.96815
254	0.98482
255	0.99924
