0	0
1	0.00014976
2	0.00031414
3	0.00049354
4	0.00068832
5	0.00089883
6	0.0011254
7	0.0013684
8	0.0016281
9	0.0019049
10	0.002199
11	0.0025108
12	0.0028405
13	0.0031885
14	0.0035549
15	0.0039402
16	0.0043444
17	0.004768
18	0.0052111
19	0.005674
20	0.0061569
21	0.0066602
22	0.0071839
23	0.0077285
24	0.008294
25	0.0088807
26	0.0094888
27	0.010119
28	0.01077
29	0.011444
30	0.01214
31	0.012859
32	0.0136
33	0.014364
34	0.015151
35	0.015961
36	0.016795
37	0.017653
38	0.018534
39	0.01944
40	0.02037
41	0.021324
42	0.022303
43	0.023306
44	0.024335
45	0.025388
46	0.026467
47	0.027571
48	0.028701
49	0.029857
50	0.031039
51	0.032247
52	0.033481
53	0.034741
54	0.036028
55	0.037342
56	0.038683
57	0.040051
58	0.041446
59	0.042869
60	0.044319
61	0.045797
62	0.047302
63	0.048836
64	0.050397
65	0.051987
66	0.053606
67	0.055253
68	0.056928
69	0.058633
70	0.060366
71	0.062129
72	0.063921
73	0.065742
74	0.067593
75	0.069474
76	0.071384
77	0.073324
78	0.075294
79	0.077295
80	0.079326
81	0.081387
82	0.083479
83	0.085602
84	0.087755
85	0.08994
86	0.092155
87	0.094402
88	0.09668
89	0.09899
90	0.10133
91	0.1037
92	0.10611
93	0.10855
94	0.11101
95	0.11352
96	0.11605
97	0.11861
98	0.12121
99	0.12384
100	0.12651
101	0.1292
102	0.13193
103	0.1347
104	0.13749
105	0.14032
106	0.14319
107	0.14608
108	0.14901
109	0.15198
110	0.15498
111	0.15801
112	0.16107
113	0.16417
114	0.16731
115	0.17048
116	0.17368
117	0.17692
118	0.18019
119	0.1835
120	0.18685
121	0.19022
122	0.19364
123	0.19709
124	0.20057
125	0.20409
126	0.20765
127	0.21124
128	0.21486
129	0.21853
130	0.22223
131	0.22596
132	0.22973
133	0.23354
134	0.23738
135	0.24126
136	0.24518
137	0.24914
138	0.25313
139	0.25715
140	0.26122
141	0.26532
142	0.26946
143	0.27364
144	0.27785
145	0.2821
146	0.28639
147	0.29072
148	0.29508
149	0.29948
150	0.30392
151	0.3084
152	0.31292
153	0.31747
154	0.32207
155	0.3267
156	0.33137
157	0.33607
158	0.34082
159	0.34561
160	0.35043
161	0.3553
162	0.3602
163	0.36514
164	0.37012
165	0.37514
166	0.3802
167	0.3853
168	0.39044
169	0.39562
170	0.40084
171	0.4061
172	0.4114
173	0.41674
174	0.42211
175	0.42753
176	0.43299
177	0.43849
178	0.44403
179	0.44961
180	0.45523
181	0.46089
182	0.4666
183	0.47234
184	0.47812
185	0.48395
186	0.48982
187	0.49572
188	0.50167
189	0.50766
190	0.51369
191	0.51977
192	0.52588
193	0.53204
194	0.53824
195	0.54448
196	0.55076
197	0.55708
198	0.56345
199	0.56986
200	0.57631
201	0.5828
202	0.58934
203	0.59592
204	0.60254
205	0.6092
206	0.61591
207	0.62265
208	0.62945
209	0.63628
210	0.64316
211	0.65008
212	0.65704
213	0.66405
214	0.6711
215	0.67819
216	0.68533
217	0.69251
218	0.69974
219	0.70701
220	0.71432
221	0.72167
222	0.72907
223	0.73652
224	0.74401
225	0.75154
226	0.75911
227	0.76674
228	0.7744
229	0.78211
230	0.78986
231	0.79766
232	0.80551
233	0.8134
234	0.82133
235	0.82931
236	0.83733
237	0.8454
238	0.85351
239	0.86167
240	0.86987
241	0.87812
242	0.88642
243	0.89476
244	0.90314
245	0.91157
246	0.92005
247	0.92857
248	0.93714
249	0.94576
250	0.95442
251	0.96312
252	0.97187
253	0.98067
254	0.98952
255	0.99841
