0	0.59163
0	0.59141
0	0.59129
0	0.59129
1	0.59152
0	0.59755
0	0.58847
1	0.59443
2	0.59129
0	0.61142
0	0.58381
2	0.6059
3	0.59152
0	0.62333
0	0.57725
3	0.614
4	0.59465
0	0.63669
0	0.57247
4	0.62102
5	0.59465
0	0.65337
0	0.56395
5	0.6299
6	0.59064
0	0.66894
0	0.55562
6	0.63664
7	0.58622
0	0.67993
0	0.54689
7	0.63514
8	0.58198
0	0.69782
0	0.5358
8	0.63639
9	0.58043
0	0.7124
0	0.52716
9	0.63821
10	0.57644
0	0.72029
0	0.51741
10	0.63431
11	0.57254
0	0.73216
0	0.50494
11	0.63275
12	0.56793
0	0.74321
0	0.48978
12	0.63105
13	0.56704
0	0.75084
0	0.47712
13	0.626
14	0.56321
0	0.7608
0	0.46311
14	0.62364
15	0.55943
0	0.76804
0	0.44661
15	0.61811
16	0.55833
0	0.77622
0	0.43367
16	0.61446
17	0.55451
0	0.78156
0	0.4204
17	0.60899
18	0.55072
0	0.78646
0	0.40676
18	0.60443
19	0.54696
0	0.79064
0	0.39517
19	0.60028
20	0.54585
0	0.79562
0	0.38508
20	0.59685
21	0.54202
0	0.79988
0	0.37384
21	0.59058
22	0.54006
0	0.80343
0	0.36218
22	0.586
23	0.53626
0	0.80726
0	0.35068
23	0.58192
24	0.53248
0	0.81018
0	0.34074
24	0.57747
25	0.53046
0	0.81263
0	0.32996
25	0.57303
26	0.52649
0	0.81537
0	0.32019
26	0.56779
27	0.52437
0	0.81744
0	0.31106
27	0.56437
28	0.52042
0	0.81942
0	0.30675
28	0.56075
29	0.5167
0	0.82184
0	0.29712
29	0.55494
30	0.51461
0	0.8233
0	0.28984
30	0.55115
31	0.51079
0	0.82425
0	0.28178
31	0.54725
32	0.5086
0	0.82607
0	0.27402
32	0.54327
33	0.50469
0	0.82723
0	0.26629
33	0.53969
34	0.50219
0	0.82904
0	0.26324
34	0.53541
35	0.50013
0	0.82998
0	0.25671
35	0.53164
36	0.49624
0	0.8315
0	0.24998
36	0.52768
37	0.49396
0	0.83258
0	0.24337
37	0.52442
38	0.49008
0	0.83329
0	0.23688
38	0.51986
39	0.4876
0	0.83416
0	0.23549
39	0.51641
40	0.48533
0	0.83459
0	0.22911
40	0.51236
41	0.48125
0	0.83559
0	0.22363
41	0.50862
42	0.47878
0	0.83666
0	0.218
42	0.50498
43	0.47598
0	0.83702
0	0.21219
43	0.50114
44	0.47213
0	0.83759
0	0.20942
44	0.49761
45	0.46955
0	0.83873
0	0.20457
45	0.49368
46	0.46677
0	0.83901
0	0.19958
46	0.48995
47	0.4626
0	0.83944
0	0.19445
47	0.48632
48	0.45992
0	0.84079
0	0.19271
48	0.4826
49	0.45714
0	0.84107
0	0.18827
49	0.47918
50	0.45426
0	0.84157
0	0.18372
50	0.47495
51	0.45159
0	0.84193
0	0.17856
51	0.47164
52	0.44754
0	0.84249
0	0.17712
52	0.46792
53	0.44456
0	0.8432
0	0.17274
53	0.46471
54	0.44189
0	0.84348
0	0.16823
54	0.4608
55	0.43912
0	0.84412
0	0.16359
55	0.45708
56	0.43614
0	0.8444
0	0.16254
56	0.45317
57	0.43337
0	0.84511
0	0.15771
57	0.44956
58	0.43007
0	0.84532
0	0.15385
58	0.44667
59	0.42741
0	0.84546
0	0.15273
59	0.44306
60	0.42453
0	0.84602
0	0.14873
60	0.43926
61	0.42166
0	0.84651
0	0.14461
61	0.43586
62	0.41837
0	0.84673
0	0.14401
62	0.43267
63	0.41529
0	0.84701
0	0.14037
63	0.42957
64	0.412
0	0.8475
0	0.13663
64	0.42618
65	0.40882
0	0.84771
0	0.13789
65	0.42248
66	0.40542
0	0.84813
0	0.13407
66	0.41868
67	0.40224
0	0.84813
0	0.13081
67	0.41549
68	0.39906
0	0.84806
0	0.13081
68	0.41189
69	0.39672
0	0.84855
0	0.12678
69	0.4083
70	0.39333
0	0.84869
0	0.12678
70	0.40471
71	0.39025
0	0.84883
0	0.12332
71	0.40111
72	0.38718
0	0.84869
0	0.11976
72	0.39752
73	0.38462
0	0.84897
0	0.11976
73	0.39393
74	0.38145
0	0.84904
0	0.11684
74	0.39034
75	0.37816
0	0.84897
0	0.11684
75	0.38685
76	0.37488
0	0.84946
0	0.11308
76	0.38336
77	0.37212
0	0.8496
0	0.11308
77	0.37977
78	0.36874
0	0.84981
0	0.10998
78	0.37618
79	0.36525
0	0.84988
0	0.1068
79	0.37269
80	0.36249
0	0.85002
0	0.10599
80	0.369
81	0.35921
0	0.85023
0	0.10269
81	0.36541
82	0.35635
0	0.8503
0	0.10269
82	0.36214
83	0.35297
0	0.85037
0	0.098413
83	0.35834
84	0.35021
0	0.85072
0	0.099282
84	0.35476
85	0.34683
0	0.85086
0	0.094868
85	0.35138
86	0.34387
0	0.85107
0	0.095765
86	0.34779
87	0.34038
0	0.85128
0	0.092127
87	0.34431
88	0.33731
0	0.85107
0	0.092127
88	0.34072
89	0.33383
0	0.85121
0	0.088353
89	0.33724
90	0.33066
0	0.85135
0	0.088353
90	0.33386
91	0.32759
0	0.8517
0	0.085425
91	0.33017
92	0.32411
0	0.85177
0	0.085425
92	0.3268
93	0.32094
0	0.85184
0	0.081377
93	0.32332
94	0.31787
0	0.85226
0	0.082405
94	0.31994
95	0.31429
0	0.85212
0	0.078223
95	0.31646
96	0.31102
0	0.85233
0	0.079286
96	0.31298
97	0.30764
0	0.8524
0	0.079286
97	0.3094
98	0.30468
0	0.85261
0	0.076059
98	0.30602
99	0.3011
0	0.85261
0	0.076059
99	0.30265
100	0.29783
0	0.85295
0	0.072711
100	0.29917
101	0.29455
0	0.85302
0	0.072711
101	0.29579
102	0.29139
0	0.85323
0	0.073841
102	0.29242
103	0.28811
0	0.85316
0	0.070406
103	0.28915
104	0.28474
0	0.85337
0	0.071566
104	0.28567
105	0.28157
0	0.85358
0	0.06923
105	0.28209
106	0.27799
0	0.85344
0	0.06923
106	0.27902
107	0.27431
0	0.85365
0	0.06923
107	0.27565
108	0.27125
0	0.85379
0	0.065601
108	0.27238
109	0.26777
0	0.854
0	0.065601
109	0.26901
110	0.2645
0	0.85428
0	0.065601
110	0.26563
111	0.26113
0	0.85414
0	0.063091
111	0.26226
112	0.25775
0	0.85434
0	0.061806
112	0.25899
113	0.25448
0	0.85441
0	0.063091
113	0.25572
114	0.25091
0	0.85462
0	0.059171
114	0.25235
115	0.24764
0	0.85462
0	0.059171
115	0.24898
116	0.24427
0	0.85483
0	0.059171
116	0.24581
117	0.2411
0	0.85469
0	0.060499
117	0.24244
118	0.23763
0	0.85483
0	0.05782
118	0.23907
119	0.23415
0	0.85497
0	0.05782
119	0.2358
120	0.23068
0	0.8549
0	0.05782
120	0.23253
121	0.22751
0	0.85504
0	0.059171
121	0.22927
122	0.22404
0	0.8549
0	0.056445
122	0.22589
123	0.22056
0	0.85504
0	0.05782
123	0.22252
124	0.2173
0	0.85497
0	0.05782
124	0.21926
125	0.21372
0	0.8549
0	0.059171
125	0.21589
126	0.21066
0	0.85518
0	0.056445
126	0.21262
127	0.20708
0	0.85504
0	0.056445
127	0.20925
128	0.20402
0	0.85504
0	0.056445
128	0.20598
129	0.20045
0	0.85476
0	0.056445
129	0.20251
130	0.19718
0	0.8549
0	0.05782
130	0.19924
131	0.19371
0	0.85476
0	0.05782
131	0.19567
132	0.19044
0	0.85462
0	0.055045
132	0.19199
133	0.18707
0	0.85462
0	0.055045
133	0.18852
134	0.1837
0	0.85455
0	0.055045
134	0.18473
135	0.18033
0	0.85441
0	0.055045
135	0.18095
136	0.17686
0	0.85441
0	0.055045
136	0.17727
137	0.1736
0	0.85421
0	0.055045
137	0.1736
138	0.17033
0	0.85414
0	0.055045
138	0.16992
139	0.16676
0	0.85393
0	0.050678
139	0.16634
140	0.16349
0	0.85372
0	0.050678
140	0.16277
141	0.16012
0	0.85365
0	0.050678
141	0.1594
142	0.15675
0	0.85358
0	0.049163
142	0.15603
143	0.15338
0	0.85351
0	0.050678
143	0.15266
144	0.15012
0	0.85344
0	0.050678
144	0.1495
145	0.14685
0	0.85344
0	0.050678
145	0.14603
146	0.14338
0	0.85351
0	0.050678
146	0.14276
147	0.14012
0	0.85358
0	0.049163
147	0.1394
148	0.13665
0	0.85358
0	0.049163
148	0.13613
149	0.13328
0	0.85365
0	0.047614
149	0.13276
150	0.12991
0	0.85358
0	0.047614
150	0.1294
151	0.12654
0	0.85365
0	0.047614
151	0.12603
152	0.12318
0	0.85365
0	0.046029
152	0.12266
153	0.11981
0	0.85358
0	0.046029
153	0.1194
154	0.11624
0	0.85365
0	0.044408
154	0.11603
155	0.11277
0	0.85379
0	0.044408
155	0.11266
156	0.10929
0	0.85372
0	0.044408
156	0.10929
157	0.10593
0	0.85365
0	0.042746
157	0.10593
158	0.10256
0	0.85372
0	0.042746
158	0.10266
159	0.09909
0	0.85379
0	0.042746
159	0.099193
160	0.095619
0	0.85372
0	0.042746
160	0.095929
161	0.092252
0	0.85372
0	0.041042
161	0.092563
162	0.088886
0	0.85372
0	0.039292
162	0.089196
163	0.085312
0	0.85358
0	0.039292
163	0.085829
164	0.081945
0	0.85365
0	0.041042
164	0.082462
165	0.078579
0	0.85365
0	0.041042
165	0.079095
166	0.075108
0	0.85351
0	0.039292
166	0.075729
167	0.071742
0	0.85365
0	0.039292
167	0.072466
168	0.068375
0	0.85365
0	0.037493
168	0.069202
169	0.064905
0	0.85365
0	0.035641
169	0.065733
170	0.061436
0	0.85365
0	0.035641
170	0.062263
171	0.057966
0	0.85358
0	0.037493
171	0.059103
172	0.054496
0	0.85358
0	0.037493
172	0.05584
173	0.05113
0	0.85365
0	0.037493
173	0.052371
174	0.047763
0	0.85358
0	0.035641
174	0.049005
175	0.044397
0	0.85365
0	0.035641
175	0.045845
176	0.040928
0	0.85358
0	0.035641
176	0.042376
177	0.037458
0	0.85351
0	0.035641
177	0.039113
178	0.033988
0	0.85358
0	0.035641
178	0.035747
179	0.030622
0	0.85351
0	0.03373
179	0.032381
180	0.027257
0	0.85351
0	0.035641
180	0.029015
181	0.023994
0	0.85351
0	0.03373
181	0.025752
182	0.020525
0	0.85344
0	0.031757
182	0.022387
183	0.017056
0	0.85344
0	0.031757
183	0.019021
184	0.013586
0	0.85337
0	0.03373
184	0.015758
185	0.01022
0	0.85344
0	0.031757
185	0.012289
186	0.0067511
0	0.85344
0	0.031757
186	0.0090269
187	0.0033855
0	0.85344
0	0.03373
187	0.0056613
188	8.3747e-05
0	0.85337
0	0.031757
188	0.0022957
189	0.003553
0	0.85337
0	0.031757
189	0.0010698
190	0.0070222
0	0.85337
0	0.031757
190	0.0044353
191	0.010284
0	0.85344
0	0.031757
191	0.007904
192	0.013753
0	0.85344
0	0.031757
192	0.011166
193	0.017222
0	0.85337
0	0.031757
193	0.014532
194	0.020484
0	0.8533
0	0.029715
194	0.018
195	0.023953
0	0.85337
0	0.029715
195	0.021469
196	0.027214
0	0.85337
0	0.029715
196	0.024834
197	0.030683
0	0.8533
0	0.029715
197	0.028199
198	0.034152
0	0.85337
0	0.029715
198	0.031668
199	0.037518
0	0.85337
0	0.027597
199	0.035033
200	0.040987
0	0.8533
0	0.027597
200	0.038398
201	0.044352
0	0.8533
0	0.027597
201	0.041763
202	0.047717
0	0.85337
0	0.025394
202	0.045335
203	0.051082
0	0.8533
0	0.027597
203	0.048803
204	0.054447
0	0.8533
0	0.025394
204	0.052168
205	0.057916
0	0.85337
0	0.027597
205	0.055533
206	0.061281
0	0.85337
0	0.025394
206	0.059001
207	0.064645
0	0.8533
0	0.025394
207	0.06247
208	0.06801
0	0.8533
0	0.023098
208	0.065938
209	0.071375
0	0.8533
0	0.023098
209	0.069303
210	0.074844
0	0.85337
0	0.023098
210	0.072771
211	0.078313
0	0.85337
0	0.023098
211	0.076343
212	0.081574
0	0.85344
0	0.020697
212	0.079811
213	0.084834
0	0.85337
0	0.020697
213	0.083279
214	0.088303
0	0.85337
0	0.023098
214	0.086748
215	0.091668
0	0.85344
0	0.020697
215	0.090216
216	0.095032
0	0.85351
0	0.020697
216	0.093788
217	0.098501
0	0.85351
0	0.018175
217	0.097152
218	0.10187
0	0.85351
0	0.018175
218	0.10052
219	0.10533
0	0.85344
0	0.018175
219	0.10409
220	0.1087
0	0.85351
0	0.015516
220	0.10756
221	0.11206
0	0.85351
0	0.015516
221	0.11103
222	0.11543
0	0.85358
0	0.015516
222	0.11449
223	0.11869
0	0.85365
0	0.012698
223	0.11796
224	0.12216
0	0.85358
0	0.012698
224	0.12133
225	0.12563
0	0.85365
0	0.012698
225	0.1249
226	0.12889
0	0.85344
0	0.0096892
226	0.12837
227	0.13235
0	0.85351
0	0.0096892
227	0.13173
228	0.13572
0	0.85344
0	0.0096892
228	0.1352
229	0.13919
0	0.85344
0	0.0064526
229	0.13856
230	0.14255
0	0.85344
0	0.0064526
230	0.14193
231	0.14581
0	0.85337
0	0.0064526
231	0.1454
232	0.14918
0	0.85337
0	0.0029334
232	0.14886
233	0.15254
0	0.8533
0	0.0029334
233	0.15223
234	0.15601
0	0.8533
0	0.00074843
234	0.15559
235	0.15927
0	0.8533
0	0.00074843
235	0.15896
236	0.16263
0	0.8533
0	0.00074843
236	0.16232
237	0.1661
0	0.85323
0	0.00074843
237	0.16569
238	0.16947
0	0.85323
0	0.00074843
238	0.16905
239	0.17293
0	0.8533
0	0.00074843
239	0.17231
240	0.1763
0	0.8533
0	0.00074843
240	0.17567
241	0.17956
0	0.8533
0	0.00074843
241	0.17893
242	0.18303
0	0.8533
0	0.00074843
242	0.18188
243	0.18649
0	0.85323
0	0.00074843
243	0.18514
244	0.18986
0	0.85337
0	0.00074843
244	0.18851
245	0.19322
0	0.8533
0	0.00074843
245	0.19177
246	0.19669
0	0.85337
0	0.00074843
246	0.19503
247	0.19995
0	0.8533
0	0.00074843
247	0.19819
248	0.20342
0	0.8533
0	0.00074843
248	0.20124
249	0.20678
0	0.85337
0	0.00074843
249	0.2045
250	0.21015
0	0.85337
0	0.00074843
250	0.20766
251	0.21361
0	0.85337
0	0.00074843
251	0.21102
252	0.21698
0	0.85337
0	0.00074843
252	0.21449
253	0.22024
0	0.85344
0	0.00074843
253	0.21765
254	0.22371
0	0.8533
0	0.00074843
254	0.22101
255	0.22717
0	0.85337
0	0.00074843
255	0.22448
