0	0.0017281
1	0.0017281
2	0.0017281
3	0.0017281
4	0.0017281
5	0.0034698
6	0.0090326
7	0.014312
8	0.01938
9	0.024286
10	0.029061
11	0.033733
12	0.038317
13	0.04283
14	0.047282
15	0.051682
16	0.056038
17	0.060354
18	0.064637
19	0.06889
20	0.073116
21	0.077319
22	0.0815
23	0.085663
24	0.089809
25	0.09394
26	0.098057
27	0.10216
28	0.10625
29	0.11034
30	0.11441
31	0.11847
32	0.12253
33	0.12657
34	0.13062
35	0.13465
36	0.13868
37	0.1427
38	0.14672
39	0.15073
40	0.15474
41	0.15874
42	0.16274
43	0.16674
44	0.17073
45	0.17472
46	0.17871
47	0.18269
48	0.18667
49	0.19065
50	0.19462
51	0.1986
52	0.20257
53	0.20654
54	0.2105
55	0.21447
56	0.21843
57	0.22239
58	0.22635
59	0.23031
60	0.23427
61	0.23822
62	0.24218
63	0.24613
64	0.25008
65	0.25403
66	0.25798
67	0.26193
68	0.26588
69	0.26982
70	0.27377
71	0.27771
72	0.28166
73	0.2856
74	0.28954
75	0.29348
76	0.29742
77	0.30136
78	0.3053
79	0.30924
80	0.31318
81	0.31711
82	0.32105
83	0.32498
84	0.32892
85	0.33285
86	0.33679
87	0.34072
88	0.34466
89	0.34859
90	0.35252
91	0.35645
92	0.36038
93	0.36432
94	0.36825
95	0.37218
96	0.37611
97	0.38004
98	0.38396
99	0.38789
100	0.39182
101	0.39575
102	0.39968
103	0.40361
104	0.40753
105	0.41146
106	0.41539
107	0.41931
108	0.42324
109	0.42717
110	0.43109
111	0.43502
112	0.43894
113	0.44287
114	0.44679
115	0.45072
116	0.45464
117	0.45856
118	0.46249
119	0.46641
120	0.47034
121	0.47426
122	0.47818
123	0.48211
124	0.48603
125	0.48995
126	0.49387
127	0.4978
128	0.50172
129	0.50564
130	0.50956
131	0.51348
132	0.51741
133	0.52133
134	0.52525
135	0.52917
136	0.53309
137	0.53701
138	0.54093
139	0.54485
140	0.54877
141	0.5527
142	0.55662
143	0.56054
144	0.56446
145	0.56838
146	0.5723
147	0.57622
148	0.58014
149	0.58406
150	0.58798
151	0.5919
152	0.59581
153	0.59973
154	0.60365
155	0.60757
156	0.61149
157	0.61541
158	0.61933
159	0.62325
160	0.62717
161	0.63109
162	0.635
163	0.63892
164	0.64284
165	0.64676
166	0.65068
167	0.6546
168	0.65851
169	0.66243
170	0.66635
171	0.67027
172	0.67419
173	0.67811
174	0.68202
175	0.68594
176	0.68986
177	0.69378
178	0.69769
179	0.70161
180	0.70553
181	0.70945
182	0.71336
183	0.71728
184	0.7212
185	0.72512
186	0.72903
187	0.73295
188	0.73687
189	0.74078
190	0.7447
191	0.74862
192	0.75254
193	0.75645
194	0.76037
195	0.76429
196	0.7682
197	0.77212
198	0.77604
199	0.77995
200	0.78387
201	0.78779
202	0.7917
203	0.79562
204	0.79954
205	0.80345
206	0.80737
207	0.81129
208	0.8152
209	0.81912
210	0.82303
211	0.82695
212	0.83087
213	0.83478
214	0.8387
215	0.84262
216	0.84653
217	0.85045
218	0.85436
219	0.85828
220	0.8622
221	0.86611
222	0.87003
223	0.87394
224	0.87786
225	0.88178
226	0.88569
227	0.88961
228	0.89352
229	0.89744
230	0.90135
231	0.90527
232	0.90919
233	0.9131
234	0.91702
235	0.92093
236	0.92485
237	0.92876
238	0.93268
239	0.9366
240	0.94051
241	0.94443
242	0.94834
243	0.95226
244	0.95617
245	0.96009
246	0.964
247	0.96792
248	0.97183
249	0.97575
250	0.97966
251	0.98358
252	0.9875
253	0.99141
254	0.99533
255	0.99924
