0	0.00083306
1	0.00083306
2	0.00083306
3	0.00083306
4	0.0052775
5	0.0084942
6	0.013001
7	0.018767
8	0.019751
9	0.021117
10	0.02945
11	0.031489
12	0.033618
13	0.035801
14	0.044676
15	0.046539
16	0.047744
17	0.048939
18	0.050174
19	0.056228
20	0.057265
21	0.058152
22	0.059078
23	0.06
24	0.060937
25	0.062009
26	0.063022
27	0.064221
28	0.065288
29	0.066213
30	0.067251
31	0.068161
32	0.064338
33	0.065201
34	0.066466
35	0.067188
36	0.068084
37	0.068809
38	0.069501
39	0.065649
40	0.066382
41	0.06708
42	0.068019
43	0.068707
44	0.069474
45	0.065682
46	0.066421
47	0.067076
48	0.067567
49	0.068267
50	0.069165
51	0.065305
52	0.065988
53	0.066765
54	0.06754
55	0.06821
56	0.068966
57	0.065175
58	0.066105
59	0.066589
60	0.067389
61	0.068002
62	0.06407
63	0.064583
64	0.064978
65	0.065466
66	0.066008
67	0.062145
68	0.062531
69	0.062902
70	0.063339
71	0.063521
72	0.059885
73	0.060327
74	0.060617
75	0.061093
76	0.061308
77	0.057518
78	0.057822
79	0.057931
80	0.058166
81	0.054391
82	0.05455
83	0.055119
84	0.055082
85	0.05521
86	0.051497
87	0.051505
88	0.051688
89	0.051861
90	0.05187
91	0.047947
92	0.048125
93	0.048143
94	0.04817
95	0.048097
96	0.048506
97	0.044812
98	0.044736
99	0.044678
100	0.044776
101	0.04469
102	0.040995
103	0.040873
104	0.040775
105	0.040616
106	0.04046
107	0.040438
108	0.036684
109	0.036443
110	0.036341
111	0.036033
112	0.035935
113	0.035833
114	0.032098
115	0.031839
116	0.031885
117	0.031727
118	0.031652
119	0.031315
120	0.027547
121	0.027331
122	0.027173
123	0.02698
124	0.026969
125	0.026695
126	0.026453
127	0.02276
128	0.022356
129	0.022309
130	0.021883
131	0.022025
132	0.021717
133	0.018015
134	0.01772
135	0.017627
136	0.017456
137	0.017286
138	0.017126
139	0.017192
140	0.017084
141	0.013327
142	0.013138
143	0.012955
144	0.012859
145	0.012527
146	0.01241
147	0.012272
148	0.012013
149	0.011909
150	0.0080491
151	0.0077171
152	0.0075383
153	0.0072719
154	0.0072368
155	0.007118
156	0.0067708
157	0.0066505
158	0.0064821
159	0.0063034
160	0.0060598
161	0.0059936
162	0.0057441
163	0.0019113
164	0.0017688
165	0.0015447
166	0.0013687
167	0.0011784
168	0.0010087
169	0.00072967
170	0.00062221
171	0.0004145
172	0.00012553
173	8.3639e-05
174	0.00018559
175	0.00048453
176	0.00077929
177	0.00084157
178	0.0011137
179	0.0012334
180	0.0014475
181	0.0015677
182	0.0018245
183	0.0021213
184	0.0023095
185	0.0024338
186	0.0026874
187	0.0028392
188	0.0029971
189	0.0031724
190	0.0034208
191	0.0036482
192	0.0038698
193	0.0041845
194	0.0043287
195	0.0044321
196	0.0046682
197	0.0051809
198	0.0091691
199	0.0095588
200	0.0099095
201	0.010383
202	0.011044
203	0.0082475
204	0.008516
205	0.0091816
206	0.0095592
207	0.01016
208	0.010409
209	0.011013
210	0.01147
211	0.011945
212	0.012439
213	0.012985
214	0.013516
215	0.01384
216	0.014248
217	0.014867
218	0.01509
219	0.01565
220	0.016038
221	0.016415
222	0.016905
223	0.013868
224	0.014411
225	0.014515
226	0.014853
227	0.015512
228	0.016215
229	0.016875
230	0.01761
231	0.014768
232	0.015754
233	0.016055
234	0.016403
235	0.017173
236	0.017384
237	0.014404
238	0.014869
239	0.015099
240	0.015431
241	0.01531
242	0.015764
243	0.01585
244	0.015684
245	0.011938
246	0.011515
247	0.011146
248	0.010695
249	0.010165
250	0.0094002
251	0.0039398
252	0.0028516
253	0.0015927
254	0.00016662
255	0.00036552
