0	0.30139
1	0.32751
2	0.35618
3	0.38746
4	0.42143
5	0.45814
6	0.49765
7	0.54003
8	0.58532
9	0.63358
10	0.68488
11	0.73925
12	0.79675
13	0.85742
14	0.92133
15	0.9885
16	1.059
17	1.1329
18	1.2101
19	1.2909
20	1.3751
21	1.4628
22	1.5542
23	1.6491
24	1.7477
25	1.8501
26	1.9561
27	2.0659
28	2.1796
29	2.2971
30	2.4184
31	2.5437
32	2.673
33	2.8062
34	2.9435
35	3.0849
36	3.2303
37	3.3798
38	3.5336
39	3.6915
40	3.8536
41	4.02
42	4.1907
43	4.3657
44	4.545
45	4.7287
46	4.9169
47	5.1094
48	5.3065
49	5.508
50	5.7141
51	5.9247
52	6.1399
53	6.3598
54	6.5842
55	6.8134
56	7.0472
57	7.2857
58	7.529
59	7.7771
60	8.03
61	8.2877
62	8.5502
63	8.8177
64	9.09
65	9.3673
66	9.6495
67	9.9367
68	10.229
69	10.526
70	10.828
71	11.136
72	11.448
73	11.766
74	12.089
75	12.417
76	12.75
77	13.088
78	13.432
79	13.781
80	14.135
81	14.494
82	14.859
83	15.229
84	15.605
85	15.986
86	16.372
87	16.764
88	17.161
89	17.564
90	17.972
91	18.386
92	18.805
93	19.23
94	19.661
95	20.097
96	20.539
97	20.986
98	21.439
99	21.898
100	22.363
101	22.833
102	23.309
103	23.791
104	24.278
105	24.772
106	25.271
107	25.776
108	26.287
109	26.804
110	27.327
111	27.856
112	28.39
113	28.931
114	29.478
115	30.03
116	30.589
117	31.154
118	31.725
119	32.302
120	32.885
121	33.474
122	34.069
123	34.67
124	35.278
125	35.892
126	36.512
127	37.138
128	37.771
129	38.409
130	39.054
131	39.706
132	40.363
133	41.027
134	41.698
135	42.375
136	43.058
137	43.747
138	44.443
139	45.145
140	45.854
141	46.57
142	47.291
143	48.02
144	48.755
145	49.496
146	50.244
147	50.998
148	51.759
149	52.527
150	53.301
151	54.082
152	54.87
153	55.664
154	56.465
155	57.273
156	58.087
157	58.908
158	59.736
159	60.571
160	61.412
161	62.26
162	63.115
163	63.977
164	64.846
165	65.721
166	66.604
167	67.493
168	68.389
169	69.292
170	70.202
171	71.119
172	72.043
173	72.974
174	73.912
175	74.857
176	75.809
177	76.768
178	77.734
179	78.707
180	79.688
181	80.675
182	81.669
183	82.671
184	83.68
185	84.695
186	85.718
187	86.749
188	87.786
189	88.831
190	89.883
191	90.942
192	92.008
193	93.082
194	94.163
195	95.251
196	96.346
197	97.449
198	98.559
199	99.677
200	100.8
201	101.93
202	103.07
203	104.22
204	105.38
205	106.54
206	107.71
207	108.88
208	110.07
209	111.26
210	112.46
211	113.67
212	114.88
213	116.1
214	117.33
215	118.57
216	119.81
217	121.07
218	122.33
219	123.59
220	124.87
221	126.15
222	127.44
223	128.74
224	130.05
225	131.36
226	132.68
227	134.01
228	135.35
229	136.69
230	138.04
231	139.4
232	140.77
233	142.15
234	143.53
235	144.92
236	146.32
237	147.73
238	149.14
239	150.56
240	152
241	153.43
242	154.88
243	156.33
244	157.8
245	159.27
246	160.75
247	162.23
248	163.73
249	165.23
250	166.74
251	168.26
252	169.78
253	171.32
254	172.86
255	174.41
