0	0.00096614
1	0.00096614
2	0.00096614
3	0.00096614
4	0.00096614
5	0.0027272
6	0.008296
7	0.013581
8	0.018655
9	0.023566
10	0.028347
11	0.033023
12	0.037613
13	0.04213
14	0.046587
15	0.050992
16	0.055352
17	0.059673
18	0.06396
19	0.068218
20	0.072449
21	0.076656
22	0.080842
23	0.08501
24	0.08916
25	0.093295
26	0.097416
27	0.10152
28	0.10562
29	0.10971
30	0.11379
31	0.11785
32	0.12191
33	0.12597
34	0.13001
35	0.13405
36	0.13808
37	0.14211
38	0.14613
39	0.15015
40	0.15416
41	0.15817
42	0.16217
43	0.16617
44	0.17017
45	0.17416
46	0.17815
47	0.18214
48	0.18613
49	0.19011
50	0.19409
51	0.19807
52	0.20204
53	0.20601
54	0.20999
55	0.21395
56	0.21792
57	0.22189
58	0.22585
59	0.22981
60	0.23378
61	0.23773
62	0.24169
63	0.24565
64	0.24961
65	0.25356
66	0.25751
67	0.26147
68	0.26542
69	0.26937
70	0.27332
71	0.27727
72	0.28121
73	0.28516
74	0.28911
75	0.29305
76	0.297
77	0.30094
78	0.30488
79	0.30883
80	0.31277
81	0.31671
82	0.32065
83	0.32459
84	0.32853
85	0.33247
86	0.33641
87	0.34034
88	0.34428
89	0.34822
90	0.35216
91	0.35609
92	0.36003
93	0.36396
94	0.3679
95	0.37183
96	0.37577
97	0.3797
98	0.38363
99	0.38757
100	0.3915
101	0.39543
102	0.39936
103	0.4033
104	0.40723
105	0.41116
106	0.41509
107	0.41902
108	0.42295
109	0.42688
110	0.43081
111	0.43474
112	0.43867
113	0.4426
114	0.44653
115	0.45046
116	0.45439
117	0.45831
118	0.46224
119	0.46617
120	0.4701
121	0.47403
122	0.47795
123	0.48188
124	0.48581
125	0.48973
126	0.49366
127	0.49759
128	0.50151
129	0.50544
130	0.50937
131	0.51329
132	0.51722
133	0.52115
134	0.52507
135	0.529
136	0.53292
137	0.53685
138	0.54077
139	0.5447
140	0.54862
141	0.55255
142	0.55647
143	0.5604
144	0.56432
145	0.56824
146	0.57217
147	0.57609
148	0.58002
149	0.58394
150	0.58787
151	0.59179
152	0.59571
153	0.59964
154	0.60356
155	0.60748
156	0.61141
157	0.61533
158	0.61925
159	0.62318
160	0.6271
161	0.63102
162	0.63494
163	0.63887
164	0.64279
165	0.64671
166	0.65064
167	0.65456
168	0.65848
169	0.6624
170	0.66633
171	0.67025
172	0.67417
173	0.67809
174	0.68201
175	0.68594
176	0.68986
177	0.69378
178	0.6977
179	0.70162
180	0.70555
181	0.70947
182	0.71339
183	0.71731
184	0.72123
185	0.72515
186	0.72908
187	0.733
188	0.73692
189	0.74084
190	0.74476
191	0.74868
192	0.7526
193	0.75652
194	0.76045
195	0.76437
196	0.76829
197	0.77221
198	0.77613
199	0.78005
200	0.78397
201	0.78789
202	0.79181
203	0.79573
204	0.79965
205	0.80358
206	0.8075
207	0.81142
208	0.81534
209	0.81926
210	0.82318
211	0.8271
212	0.83102
213	0.83494
214	0.83886
215	0.84278
216	0.8467
217	0.85062
218	0.85454
219	0.85846
220	0.86238
221	0.8663
222	0.87022
223	0.87414
224	0.87806
225	0.88198
226	0.8859
227	0.88982
228	0.89374
229	0.89766
230	0.90158
231	0.9055
232	0.90942
233	0.91334
234	0.91726
235	0.92118
236	0.9251
237	0.92902
238	0.93294
239	0.93686
240	0.94078
241	0.9447
242	0.94862
243	0.95254
244	0.95646
245	0.96038
246	0.9643
247	0.96822
248	0.97214
249	0.97606
250	0.97998
251	0.9839
252	0.98782
253	0.99174
254	0.99566
255	0.99958
