0	0.17216
1	0.19886
2	0.22817
3	0.26016
4	0.29488
5	0.33242
6	0.37282
7	0.41615
8	0.46246
9	0.51181
10	0.56425
11	0.61984
12	0.67863
13	0.74067
14	0.80601
15	0.87469
16	0.94677
17	1.0223
18	1.1013
19	1.1838
20	1.2699
21	1.3597
22	1.4531
23	1.5502
24	1.651
25	1.7556
26	1.864
27	1.9763
28	2.0925
29	2.2126
30	2.3367
31	2.4649
32	2.597
33	2.7332
34	2.8736
35	3.0181
36	3.1668
37	3.3197
38	3.4769
39	3.6383
40	3.8041
41	3.9742
42	4.1488
43	4.3277
44	4.5111
45	4.6989
46	4.8913
47	5.0882
48	5.2896
49	5.4957
50	5.7064
51	5.9218
52	6.1418
53	6.3666
54	6.5961
55	6.8303
56	7.0694
57	7.3133
58	7.5621
59	7.8157
60	8.0743
61	8.3378
62	8.6062
63	8.8796
64	9.1581
65	9.4416
66	9.7302
67	10.024
68	10.323
69	10.627
70	10.936
71	11.25
72	11.569
73	11.894
74	12.224
75	12.559
76	12.9
77	13.246
78	13.597
79	13.954
80	14.316
81	14.684
82	15.057
83	15.435
84	15.819
85	16.209
86	16.604
87	17.004
88	17.41
89	17.822
90	18.24
91	18.663
92	19.092
93	19.526
94	19.966
95	20.412
96	20.864
97	21.321
98	21.785
99	22.254
100	22.729
101	23.21
102	23.696
103	24.189
104	24.687
105	25.192
106	25.702
107	26.219
108	26.741
109	27.27
110	27.804
111	28.345
112	28.892
113	29.445
114	30.004
115	30.569
116	31.14
117	31.717
118	32.301
119	32.891
120	33.487
121	34.089
122	34.698
123	35.313
124	35.934
125	36.562
126	37.196
127	37.836
128	38.483
129	39.136
130	39.795
131	40.461
132	41.134
133	41.813
134	42.498
135	43.19
136	43.888
137	44.593
138	45.305
139	46.023
140	46.748
141	47.479
142	48.217
143	48.962
144	49.713
145	50.471
146	51.236
147	52.007
148	52.785
149	53.57
150	54.362
151	55.161
152	55.966
153	56.778
154	57.597
155	58.423
156	59.255
157	60.095
158	60.941
159	61.795
160	62.655
161	63.522
162	64.396
163	65.278
164	66.166
165	67.061
166	67.963
167	68.872
168	69.789
169	70.712
170	71.643
171	72.58
172	73.525
173	74.477
174	75.436
175	76.402
176	77.375
177	78.356
178	79.343
179	80.338
180	81.341
181	82.35
182	83.367
183	84.391
184	85.422
185	86.461
186	87.507
187	88.56
188	89.621
189	90.689
190	91.765
191	92.848
192	93.938
193	95.036
194	96.141
195	97.253
196	98.373
197	99.501
198	100.64
199	101.78
200	102.93
201	104.09
202	105.25
203	106.42
204	107.61
205	108.79
206	109.99
207	111.19
208	112.4
209	113.62
210	114.85
211	116.08
212	117.32
213	118.57
214	119.83
215	121.1
216	122.37
217	123.65
218	124.94
219	126.23
220	127.54
221	128.85
222	130.17
223	131.49
224	132.83
225	134.17
226	135.52
227	136.88
228	138.25
229	139.62
230	141.01
231	142.4
232	143.8
233	145.2
234	146.62
235	148.04
236	149.47
237	150.91
238	152.35
239	153.81
240	155.27
241	156.74
242	158.22
243	159.71
244	161.2
245	162.71
246	164.22
247	165.74
248	167.27
249	168.8
250	170.35
251	171.9
252	173.46
253	175.03
254	176.6
255	178.19
