0	0.0017836
1	0.0017836
2	0.0017836
3	0.0017836
4	0.0017836
5	0.0035239
6	0.0090862
7	0.014365
8	0.019433
9	0.024338
10	0.029114
11	0.033784
12	0.038369
13	0.042881
14	0.047333
15	0.051733
16	0.056088
17	0.060404
18	0.064686
19	0.068939
20	0.073164
21	0.077367
22	0.081548
23	0.085711
24	0.089857
25	0.093987
26	0.098103
27	0.10221
28	0.1063
29	0.11038
30	0.11445
31	0.11852
32	0.12257
33	0.12662
34	0.13066
35	0.13469
36	0.13872
37	0.14274
38	0.14676
39	0.15077
40	0.15478
41	0.15878
42	0.16278
43	0.16678
44	0.17077
45	0.17476
46	0.17875
47	0.18273
48	0.18671
49	0.19069
50	0.19466
51	0.19864
52	0.20261
53	0.20657
54	0.21054
55	0.21451
56	0.21847
57	0.22243
58	0.22639
59	0.23035
60	0.2343
61	0.23826
62	0.24221
63	0.24617
64	0.25012
65	0.25407
66	0.25802
67	0.26196
68	0.26591
69	0.26986
70	0.2738
71	0.27774
72	0.28169
73	0.28563
74	0.28957
75	0.29351
76	0.29745
77	0.30139
78	0.30533
79	0.30927
80	0.31321
81	0.31714
82	0.32108
83	0.32501
84	0.32895
85	0.33288
86	0.33682
87	0.34075
88	0.34468
89	0.34862
90	0.35255
91	0.35648
92	0.36041
93	0.36434
94	0.36827
95	0.3722
96	0.37613
97	0.38006
98	0.38399
99	0.38792
100	0.39185
101	0.39577
102	0.3997
103	0.40363
104	0.40756
105	0.41148
106	0.41541
107	0.41933
108	0.42326
109	0.42719
110	0.43111
111	0.43504
112	0.43896
113	0.44289
114	0.44681
115	0.45073
116	0.45466
117	0.45858
118	0.46251
119	0.46643
120	0.47035
121	0.47428
122	0.4782
123	0.48212
124	0.48604
125	0.48997
126	0.49389
127	0.49781
128	0.50173
129	0.50566
130	0.50958
131	0.5135
132	0.51742
133	0.52134
134	0.52526
135	0.52918
136	0.5331
137	0.53702
138	0.54095
139	0.54487
140	0.54879
141	0.55271
142	0.55663
143	0.56055
144	0.56447
145	0.56839
146	0.57231
147	0.57623
148	0.58014
149	0.58406
150	0.58798
151	0.5919
152	0.59582
153	0.59974
154	0.60366
155	0.60758
156	0.6115
157	0.61542
158	0.61934
159	0.62325
160	0.62717
161	0.63109
162	0.63501
163	0.63893
164	0.64285
165	0.64676
166	0.65068
167	0.6546
168	0.65852
169	0.66244
170	0.66635
171	0.67027
172	0.67419
173	0.67811
174	0.68202
175	0.68594
176	0.68986
177	0.69378
178	0.69769
179	0.70161
180	0.70553
181	0.70944
182	0.71336
183	0.71728
184	0.7212
185	0.72511
186	0.72903
187	0.73295
188	0.73686
189	0.74078
190	0.7447
191	0.74861
192	0.75253
193	0.75645
194	0.76036
195	0.76428
196	0.7682
197	0.77211
198	0.77603
199	0.77995
200	0.78386
201	0.78778
202	0.7917
203	0.79561
204	0.79953
205	0.80344
206	0.80736
207	0.81128
208	0.81519
209	0.81911
210	0.82302
211	0.82694
212	0.83086
213	0.83477
214	0.83869
215	0.8426
216	0.84652
217	0.85044
218	0.85435
219	0.85827
220	0.86218
221	0.8661
222	0.87001
223	0.87393
224	0.87784
225	0.88176
226	0.88568
227	0.88959
228	0.89351
229	0.89742
230	0.90134
231	0.90525
232	0.90917
233	0.91308
234	0.917
235	0.92091
236	0.92483
237	0.92875
238	0.93266
239	0.93658
240	0.94049
241	0.94441
242	0.94832
243	0.95224
244	0.95615
245	0.96007
246	0.96398
247	0.9679
248	0.97181
249	0.97573
250	0.97964
251	0.98356
252	0.98747
253	0.99139
254	0.9953
255	0.99922
