0	0
1	6.5087e-05
2	0.00015218
3	0.0002669
4	0.0004027
5	0.00057595
6	0.00079322
7	0.0010414
8	0.0013584
9	0.001505
10	0.0016525
11	0.0018145
12	0.002006
13	0.002197
14	0.0024026
15	0.0026124
16	0.0028245
17	0.0030853
18	0.0033438
19	0.0036168
20	0.0038963
21	0.0041801
22	0.0044994
23	0.0048352
24	0.0054228
25	0.0056588
26	0.0060222
27	0.0064207
28	0.006836
29	0.0071193
30	0.0075557
31	0.0080006
32	0.0084468
33	0.0091187
34	0.009801
35	0.010516
36	0.011231
37	0.012024
38	0.012825
39	0.013661
40	0.0145
41	0.015427
42	0.016362
43	0.017331
44	0.0183
45	0.019352
46	0.020409
47	0.021506
48	0.022602
49	0.023779
50	0.024992
51	0.026219
52	0.027449
53	0.02878
54	0.030108
55	0.031495
56	0.032868
57	0.034352
58	0.03583
59	0.037336
60	0.038848
61	0.040456
62	0.042046
63	0.043722
64	0.04534
65	0.047116
66	0.048839
67	0.050623
68	0.052403
69	0.054266
70	0.056205
71	0.058068
72	0.060082
73	0.062058
74	0.064114
75	0.066108
76	0.068234
77	0.070412
78	0.072491
79	0.074738
80	0.076892
81	0.079304
82	0.081654
83	0.083944
84	0.08621
85	0.088781
86	0.09115
87	0.093534
88	0.095955
89	0.098525
90	0.10104
91	0.10361
92	0.10637
93	0.10894
94	0.11152
95	0.11438
96	0.11686
97	0.11982
98	0.12263
99	0.12525
100	0.12832
101	0.13097
102	0.13392
103	0.13666
104	0.13975
105	0.14261
106	0.14583
107	0.14846
108	0.15177
109	0.1548
110	0.15768
111	0.16081
112	0.16397
113	0.16678
114	0.17017
115	0.17319
116	0.17663
117	0.17934
118	0.18324
119	0.18601
120	0.19008
121	0.1923
122	0.19635
123	0.1999
124	0.20288
125	0.20555
126	0.20894
127	0.21227
128	0.21607
129	0.22061
130	0.22329
131	0.22802
132	0.2328
133	0.23595
134	0.23936
135	0.24444
136	0.24791
137	0.25189
138	0.25606
139	0.25921
140	0.26269
141	0.26747
142	0.2725
143	0.27709
144	0.28006
145	0.28348
146	0.28969
147	0.29273
148	0.29886
149	0.30273
150	0.30686
151	0.30952
152	0.31467
153	0.31954
154	0.32164
155	0.32899
156	0.3311
157	0.33642
158	0.34083
159	0.34659
160	0.34975
161	0.35355
162	0.35922
163	0.36446
164	0.36831
165	0.37203
166	0.37661
167	0.38305
168	0.38797
169	0.39164
170	0.39761
171	0.4011
172	0.4055
173	0.41286
174	0.41691
175	0.42321
176	0.42399
177	0.43244
178	0.43683
179	0.44255
180	0.44683
181	0.453
182	0.45572
183	0.46129
184	0.47188
185	0.47553
186	0.4759
187	0.48354
188	0.48827
189	0.49744
190	0.5032
191	0.50915
192	0.51491
193	0.52292
194	0.52886
195	0.53486
196	0.54118
197	0.54745
198	0.55415
199	0.56052
200	0.56712
201	0.57396
202	0.58089
203	0.58777
204	0.59451
205	0.60154
206	0.60912
207	0.6161
208	0.62354
209	0.63122
210	0.63886
211	0.64621
212	0.65379
213	0.66199
214	0.66985
215	0.67781
216	0.68554
217	0.69374
218	0.70188
219	0.71022
220	0.71799
221	0.72675
222	0.73522
223	0.74389
224	0.75208
225	0.76009
226	0.76889
227	0.77746
228	0.78612
229	0.79436
230	0.80331
231	0.81159
232	0.82012
233	0.82887
234	0.83693
235	0.84531
236	0.85346
237	0.8579
238	0.86165
239	0.87045
240	0.87766
241	0.88637
242	0.89017
243	0.89401
244	0.90258
245	0.91016
246	0.91793
247	0.92266
248	0.92697
249	0.93624
250	0.94425
251	0.95343
252	0.96551
253	0.97717
254	0.98831
255	0.99908
