0	0.00091731
1	0.00091731
2	0.00091731
3	0.00091731
4	0.00091731
5	0.00091731
6	0.00091731
7	0.0062506
8	0.013309
9	0.016246
10	0.019038
11	0.021942
12	0.025186
13	0.028246
14	0.03137
15	0.034402
16	0.037326
17	0.04075
18	0.043981
19	0.047239
20	0.05043
21	0.053535
22	0.056886
23	0.060262
24	0.065857
25	0.068004
26	0.07121
27	0.074599
28	0.078003
29	0.080256
30	0.083626
31	0.086947
32	0.090171
33	0.094845
34	0.099388
35	0.10396
36	0.10835
37	0.11303
38	0.11758
39	0.12216
40	0.12659
41	0.13131
42	0.13591
43	0.14052
44	0.14498
45	0.14967
46	0.15423
47	0.15882
48	0.16328
49	0.16792
50	0.17257
51	0.17715
52	0.1816
53	0.1863
54	0.19086
55	0.1955
56	0.19997
57	0.20469
58	0.20927
59	0.21383
60	0.2183
61	0.22294
62	0.22742
63	0.23204
64	0.23641
65	0.24109
66	0.24554
67	0.25006
68	0.25446
69	0.25899
70	0.2636
71	0.26795
72	0.27255
73	0.27699
74	0.28151
75	0.28582
76	0.29033
77	0.29487
78	0.29913
79	0.30365
80	0.30791
81	0.3126
82	0.31709
83	0.32139
84	0.32558
85	0.33025
86	0.33449
87	0.33869
88	0.3429
89	0.3473
90	0.35154
91	0.3558
92	0.36032
93	0.36445
94	0.36856
95	0.37304
96	0.37687
97	0.38139
98	0.38561
99	0.38951
100	0.394
101	0.39783
102	0.40205
103	0.40592
104	0.41021
105	0.41415
106	0.41853
107	0.42207
108	0.42646
109	0.43043
110	0.43416
111	0.43818
112	0.44218
113	0.44571
114	0.44992
115	0.45363
116	0.4578
117	0.46106
118	0.4657
119	0.46896
120	0.4737
121	0.47625
122	0.48088
123	0.48489
124	0.48822
125	0.49119
126	0.49492
127	0.49854
128	0.50264
129	0.50749
130	0.51032
131	0.51527
132	0.52021
133	0.52344
134	0.5269
135	0.53201
136	0.53546
137	0.53938
138	0.54346
139	0.5465
140	0.54985
141	0.55441
142	0.55915
143	0.56344
144	0.56618
145	0.56932
146	0.57498
147	0.57772
148	0.5832
149	0.58662
150	0.59025
151	0.59257
152	0.59704
153	0.60121
154	0.60301
155	0.60923
156	0.61099
157	0.61542
158	0.61907
159	0.62378
160	0.62635
161	0.62942
162	0.63397
163	0.63813
164	0.64117
165	0.64409
166	0.64765
167	0.65263
168	0.65639
169	0.65919
170	0.6637
171	0.66632
172	0.6696
173	0.67504
174	0.67802
175	0.6826
176	0.68317
177	0.68925
178	0.69239
179	0.69644
180	0.69946
181	0.70378
182	0.70567
183	0.70953
184	0.71678
185	0.71926
186	0.71952
187	0.72466
188	0.72782
189	0.73392
190	0.7377
191	0.74159
192	0.74533
193	0.75048
194	0.75428
195	0.75809
196	0.76207
197	0.766
198	0.77017
199	0.7741
200	0.77815
201	0.78232
202	0.78651
203	0.79064
204	0.79467
205	0.79883
206	0.8033
207	0.80737
208	0.8117
209	0.81612
210	0.82049
211	0.82467
212	0.82895
213	0.83355
214	0.83793
215	0.84233
216	0.84657
217	0.85104
218	0.85546
219	0.85994
220	0.8641
221	0.86875
222	0.87321
223	0.87775
224	0.88201
225	0.88615
226	0.89068
227	0.89505
228	0.89944
229	0.90359
230	0.90807
231	0.91219
232	0.91641
233	0.92071
234	0.92465
235	0.92872
236	0.93265
237	0.93479
238	0.93659
239	0.9408
240	0.94422
241	0.94834
242	0.95012
243	0.95192
244	0.95593
245	0.95946
246	0.96306
247	0.96524
248	0.96722
249	0.97146
250	0.97511
251	0.97926
252	0.9847
253	0.98991
254	0.99485
255	0.9996
