0	4.4824
1	4.5005
2	4.4983
3	4.7624
4	5.0532
5	5.3617
6	5.795
7	5.8155
8	6.2551
9	6.6583
10	7.1025
11	7.5496
12	8.2451
13	8.7569
14	8.6897
15	9.204
16	9.8909
17	10.422
18	11.018
19	11.654
20	12.323
21	12.29
22	13.156
23	13.656
24	14.422
25	15.21
26	15.76
27	16.36
28	16.474
29	17.152
30	17.971
31	18.911
32	19.548
33	20.54
34	21.317
35	21.468
36	22.264
37	23.126
38	23.844
39	24.92
40	25.601
41	26.572
42	26.408
43	27.209
44	28.696
45	28.844
46	30.4
47	31.262
48	32.347
49	32.394
50	33.546
51	34.19
52	35.085
53	36.393
54	37.055
55	38.67
56	37.911
57	39.792
58	40.934
59	41.698
60	42.776
61	44.159
62	45.06
63	45.173
64	46.632
65	46.525
66	49.222
67	49.997
68	51.756
69	52.298
70	50.929
71	53.382
72	53.79
73	56.53
74	56.243
75	58.421
76	58.935
77	58.906
78	61.063
79	62.024
80	63.091
81	64.153
82	65.385
83	67.063
84	67.053
85	68.418
86	69.638
87	71.148
88	72.442
89	73.751
90	73.793
91	75.56
92	76.853
93	78.068
94	79.353
95	80.593
96	81.829
97	81.82
98	83.72
99	85.221
100	86.64
101	88.167
102	89.733
103	91.199
104	91.188
105	92.493
106	94.395
107	95.726
108	97.279
109	98.928
110	100.56
111	100.54
112	102.26
113	103.43
114	105.15
115	106.72
116	108.27
117	109.66
118	109.68
119	111.14
120	112.79
121	114.64
122	116.34
123	118.11
124	119.78
125	119.75
126	121.43
127	123.01
128	124.53
129	126.42
130	128.08
131	129.9
132	129.9
133	131.39
134	133.06
135	134.52
136	136.38
137	137.82
138	139.54
139	139.52
140	140.96
141	142.45
142	144.04
143	145.59
144	147.04
145	148.72
146	148.7
147	150.21
148	151.57
149	153.19
150	154.55
151	156.18
152	157.61
153	157.57
154	159.16
155	160.6
156	162.03
157	163.44
158	165.19
159	166.58
160	166.61
161	167.78
162	169.28
163	170.71
164	172.11
165	173.35
166	175.04
167	175.04
168	176.51
169	177.67
170	179.24
171	180.48
172	181.82
173	181.84
174	183.28
175	184.68
176	186.02
177	187.25
178	188.7
179	189.94
180	189.89
181	191.24
182	192.6
183	193.91
184	195.26
185	196.44
186	197.81
187	197.73
188	198.9
189	200.36
190	201.47
191	202.71
192	203.91
193	204.87
194	205.05
195	206.12
196	207.18
197	208.4
198	209.53
199	210.68
200	211.62
201	211.62
202	212.76
203	213.92
204	214.87
205	216.12
206	216.98
207	218.08
208	218.07
209	219.04
210	220.01
211	221.09
212	221.91
213	222.93
214	223.86
215	223.88
216	224.73
217	225.64
218	226.67
219	227.38
220	228.08
221	228.9
222	228.92
223	229.55
224	230.31
225	230.98
226	231.7
227	232.39
228	233.22
229	233.13
230	233.8
231	234.39
232	234.99
233	235.57
234	236.21
235	236.69
236	236.72
237	237.24
238	237.63
239	238.07
240	238.56
241	239.08
242	239.31
243	239.4
244	239.67
245	240.11
246	240.43
247	240.83
248	241.14
249	241.57
250	241.59
251	241.86
252	242.13
253	242.49
254	242.8
255	243.01
