0	0.019264
1	0.019264
2	0.019264
3	0.019264
4	0.019264
5	0.020565
6	0.02599
7	0.031139
8	0.036082
9	0.040865
10	0.045523
11	0.050078
12	0.054549
13	0.05895
14	0.063292
15	0.067583
16	0.07183
17	0.07604
18	0.080216
19	0.084363
20	0.088485
21	0.092583
22	0.096661
23	0.10072
24	0.10476
25	0.10879
26	0.11281
27	0.11681
28	0.1208
29	0.12478
30	0.12875
31	0.13272
32	0.13667
33	0.14062
34	0.14456
35	0.14849
36	0.15242
37	0.15634
38	0.16026
39	0.16418
40	0.16808
41	0.17199
42	0.17589
43	0.17979
44	0.18368
45	0.18757
46	0.19146
47	0.19534
48	0.19922
49	0.2031
50	0.20698
51	0.21085
52	0.21473
53	0.2186
54	0.22247
55	0.22633
56	0.2302
57	0.23406
58	0.23792
59	0.24178
60	0.24564
61	0.2495
62	0.25335
63	0.25721
64	0.26106
65	0.26492
66	0.26877
67	0.27262
68	0.27647
69	0.28031
70	0.28416
71	0.28801
72	0.29185
73	0.2957
74	0.29954
75	0.30339
76	0.30723
77	0.31107
78	0.31491
79	0.31875
80	0.32259
81	0.32643
82	0.33027
83	0.33411
84	0.33795
85	0.34178
86	0.34562
87	0.34946
88	0.35329
89	0.35713
90	0.36096
91	0.3648
92	0.36863
93	0.37246
94	0.3763
95	0.38013
96	0.38396
97	0.38779
98	0.39163
99	0.39546
100	0.39929
101	0.40312
102	0.40695
103	0.41078
104	0.41461
105	0.41844
106	0.42227
107	0.4261
108	0.42993
109	0.43376
110	0.43758
111	0.44141
112	0.44524
113	0.44907
114	0.4529
115	0.45672
116	0.46055
117	0.46438
118	0.4682
119	0.47203
120	0.47586
121	0.47968
122	0.48351
123	0.48733
124	0.49116
125	0.49499
126	0.49881
127	0.50264
128	0.50646
129	0.51029
130	0.51411
131	0.51793
132	0.52176
133	0.52558
134	0.52941
135	0.53323
136	0.53706
137	0.54088
138	0.5447
139	0.54853
140	0.55235
141	0.55617
142	0.56
143	0.56382
144	0.56764
145	0.57147
146	0.57529
147	0.57911
148	0.58293
149	0.58676
150	0.59058
151	0.5944
152	0.59822
153	0.60205
154	0.60587
155	0.60969
156	0.61351
157	0.61733
158	0.62116
159	0.62498
160	0.6288
161	0.63262
162	0.63644
163	0.64026
164	0.64408
165	0.64791
166	0.65173
167	0.65555
168	0.65937
169	0.66319
170	0.66701
171	0.67083
172	0.67465
173	0.67847
174	0.68229
175	0.68612
176	0.68994
177	0.69376
178	0.69758
179	0.7014
180	0.70522
181	0.70904
182	0.71286
183	0.71668
184	0.7205
185	0.72432
186	0.72814
187	0.73196
188	0.73578
189	0.7396
190	0.74342
191	0.74724
192	0.75106
193	0.75488
194	0.7587
195	0.76252
196	0.76634
197	0.77016
198	0.77398
199	0.7778
200	0.78162
201	0.78544
202	0.78926
203	0.79307
204	0.79689
205	0.80071
206	0.80453
207	0.80835
208	0.81217
209	0.81599
210	0.81981
211	0.82363
212	0.82745
213	0.83127
214	0.83509
215	0.83891
216	0.84272
217	0.84654
218	0.85036
219	0.85418
220	0.858
221	0.86182
222	0.86564
223	0.86946
224	0.87328
225	0.87709
226	0.88091
227	0.88473
228	0.88855
229	0.89237
230	0.89619
231	0.90001
232	0.90383
233	0.90764
234	0.91146
235	0.91528
236	0.9191
237	0.92292
238	0.92674
239	0.93056
240	0.93437
241	0.93819
242	0.94201
243	0.94583
244	0.94965
245	0.95347
246	0.95728
247	0.9611
248	0.96492
249	0.96874
250	0.97256
251	0.97638
252	0.98019
253	0.98401
254	0.98783
255	0.99165
