0	0
1	2.806e-05
2	8.3619e-05
3	0.00016499
4	0.00026152
5	0.00038779
6	0.0005163
7	0.00067737
8	0.00085583
9	0.0010607
10	0.0012969
11	0.001518
12	0.0017706
13	0.0020444
14	0.0023565
15	0.0027168
16	0.003067
17	0.0034458
18	0.0038279
19	0.0042724
20	0.0047068
21	0.005167
22	0.005676
23	0.0061524
24	0.0067035
25	0.0072799
26	0.0078933
27	0.008533
28	0.0091374
29	0.0098142
30	0.010439
31	0.011148
32	0.011907
33	0.01266
34	0.013502
35	0.014291
36	0.015164
37	0.016049
38	0.016992
39	0.017957
40	0.018851
41	0.0198
42	0.020737
43	0.021845
44	0.023035
45	0.024176
46	0.025353
47	0.026453
48	0.027685
49	0.028871
50	0.030061
51	0.031372
52	0.032594
53	0.033988
54	0.035321
55	0.0367
56	0.038206
57	0.039587
58	0.041114
59	0.042442
60	0.043995
61	0.045556
62	0.04711
63	0.048958
64	0.050577
65	0.052203
66	0.05383
67	0.055578
68	0.057441
69	0.059153
70	0.061055
71	0.062806
72	0.064798
73	0.066819
74	0.068727
75	0.070797
76	0.0727
77	0.074799
78	0.076847
79	0.07894
80	0.081342
81	0.08334
82	0.085607
83	0.087757
84	0.089923
85	0.092162
86	0.094491
87	0.097
88	0.099351
89	0.1018
90	0.10422
91	0.10672
92	0.10975
93	0.11228
94	0.11487
95	0.11746
96	0.12032
97	0.1231
98	0.12581
99	0.12868
100	0.13133
101	0.13417
102	0.13713
103	0.13981
104	0.14296
105	0.14568
106	0.14859
107	0.15154
108	0.15454
109	0.15761
110	0.16054
111	0.16379
112	0.1668
113	0.16965
114	0.17305
115	0.17628
116	0.17968
117	0.18282
118	0.18625
119	0.18971
120	0.19342
121	0.19732
122	0.2006
123	0.2044
124	0.20754
125	0.21137
126	0.21546
127	0.21889
128	0.22293
129	0.22664
130	0.23072
131	0.23472
132	0.23839
133	0.2422
134	0.24575
135	0.24963
136	0.2538
137	0.25761
138	0.26187
139	0.26579
140	0.27024
141	0.27411
142	0.27792
143	0.28203
144	0.28569
145	0.29047
146	0.29436
147	0.29905
148	0.30353
149	0.30798
150	0.31307
151	0.3179
152	0.32211
153	0.32645
154	0.33083
155	0.33635
156	0.34128
157	0.34646
158	0.35117
159	0.35633
160	0.362
161	0.36588
162	0.37211
163	0.3762
164	0.38078
165	0.38666
166	0.39094
167	0.39695
168	0.4019
169	0.40707
170	0.41174
171	0.41686
172	0.42247
173	0.42756
174	0.43403
175	0.43773
176	0.44451
177	0.44884
178	0.45512
179	0.46057
180	0.46582
181	0.47074
182	0.47667
183	0.48152
184	0.4879
185	0.49298
186	0.4999
187	0.50605
188	0.5124
189	0.51786
190	0.52276
191	0.52978
192	0.53635
193	0.54194
194	0.54841
195	0.55416
196	0.55945
197	0.56589
198	0.57324
199	0.58003
200	0.58632
201	0.59233
202	0.599
203	0.60551
204	0.61045
205	0.61937
206	0.6237
207	0.63391
208	0.64014
209	0.64553
210	0.65288
211	0.6577
212	0.6668
213	0.67134
214	0.67897
215	0.68672
216	0.69256
217	0.70114
218	0.70743
219	0.71506
220	0.72297
221	0.726
222	0.73723
223	0.74256
224	0.74924
225	0.75805
226	0.76315
227	0.77286
228	0.77898
229	0.78628
230	0.792
231	0.80008
232	0.80844
233	0.81641
234	0.82747
235	0.83179
236	0.8411
237	0.84756
238	0.85884
239	0.86108
240	0.86664
241	0.88269
242	0.88948
243	0.89374
244	0.90413
245	0.91204
246	0.91905
247	0.92854
248	0.93348
249	0.94352
250	0.94942
251	0.95969
252	0.96648
253	0.97652
254	0.98904
255	0.99987
