0	0
1	0.00014985
2	0.00031434
3	0.00049385
4	0.00068875
5	0.00089939
6	0.0011261
7	0.0013693
8	0.0016292
9	0.0019061
10	0.0022004
11	0.0025124
12	0.0028423
13	0.0031905
14	0.0035572
15	0.0039426
16	0.0043471
17	0.004771
18	0.0052143
19	0.0056775
20	0.0061608
21	0.0066643
22	0.0071884
23	0.0077333
24	0.0082992
25	0.0088862
26	0.0094948
27	0.010125
28	0.010777
29	0.011451
30	0.012148
31	0.012867
32	0.013608
33	0.014373
34	0.01516
35	0.015971
36	0.016806
37	0.017664
38	0.018546
39	0.019452
40	0.020383
41	0.021337
42	0.022317
43	0.023321
44	0.02435
45	0.025404
46	0.026484
47	0.027589
48	0.028719
49	0.029876
50	0.031058
51	0.032267
52	0.033502
53	0.034763
54	0.036051
55	0.037366
56	0.038707
57	0.040076
58	0.041472
59	0.042896
60	0.044347
61	0.045825
62	0.047332
63	0.048866
64	0.050429
65	0.05202
66	0.053639
67	0.055287
68	0.056964
69	0.05867
70	0.060404
71	0.062168
72	0.063961
73	0.065783
74	0.067635
75	0.069517
76	0.071429
77	0.07337
78	0.075342
79	0.077343
80	0.079376
81	0.081438
82	0.083531
83	0.085655
84	0.08781
85	0.089996
86	0.092213
87	0.094461
88	0.096741
89	0.099052
90	0.10139
91	0.10377
92	0.10618
93	0.10861
94	0.11108
95	0.11359
96	0.11612
97	0.11869
98	0.12129
99	0.12392
100	0.12659
101	0.12929
102	0.13202
103	0.13478
104	0.13758
105	0.14041
106	0.14328
107	0.14617
108	0.14911
109	0.15207
110	0.15507
111	0.15811
112	0.16117
113	0.16428
114	0.16741
115	0.17058
116	0.17379
117	0.17703
118	0.18031
119	0.18362
120	0.18696
121	0.19034
122	0.19376
123	0.19721
124	0.2007
125	0.20422
126	0.20778
127	0.21137
128	0.215
129	0.21866
130	0.22236
131	0.2261
132	0.22988
133	0.23369
134	0.23753
135	0.24142
136	0.24534
137	0.24929
138	0.25328
139	0.25731
140	0.26138
141	0.26549
142	0.26963
143	0.27381
144	0.27802
145	0.28228
146	0.28657
147	0.2909
148	0.29527
149	0.29967
150	0.30411
151	0.30859
152	0.31311
153	0.31767
154	0.32227
155	0.3269
156	0.33157
157	0.33629
158	0.34104
159	0.34582
160	0.35065
161	0.35552
162	0.36043
163	0.36537
164	0.37035
165	0.37538
166	0.38044
167	0.38554
168	0.39069
169	0.39587
170	0.40109
171	0.40635
172	0.41165
173	0.417
174	0.42238
175	0.4278
176	0.43326
177	0.43877
178	0.44431
179	0.44989
180	0.45552
181	0.46118
182	0.46689
183	0.47264
184	0.47842
185	0.48425
186	0.49012
187	0.49603
188	0.50199
189	0.50798
190	0.51402
191	0.52009
192	0.52621
193	0.53237
194	0.53857
195	0.54482
196	0.5511
197	0.55743
198	0.5638
199	0.57022
200	0.57667
201	0.58317
202	0.58971
203	0.59629
204	0.60291
205	0.60958
206	0.61629
207	0.62304
208	0.62984
209	0.63668
210	0.64356
211	0.65049
212	0.65745
213	0.66447
214	0.67152
215	0.67862
216	0.68576
217	0.69295
218	0.70018
219	0.70745
220	0.71477
221	0.72213
222	0.72953
223	0.73698
224	0.74447
225	0.75201
226	0.75959
227	0.76722
228	0.77489
229	0.7826
230	0.79036
231	0.79816
232	0.80601
233	0.8139
234	0.82184
235	0.82983
236	0.83785
237	0.84593
238	0.85405
239	0.86221
240	0.87042
241	0.87867
242	0.88697
243	0.89532
244	0.90371
245	0.91214
246	0.92063
247	0.92915
248	0.93773
249	0.94635
250	0.95501
251	0.96372
252	0.97248
253	0.98129
254	0.99014
255	0.99903
