0	0.00013244
1	0.00013244
2	0.00013244
3	0.00013244
4	0.00013244
5	0.00013244
6	0.00013244
7	0.00013244
8	0.00073305
9	0.0059326
10	0.011246
11	0.015728
12	0.020402
13	0.02505
14	0.029922
15	0.0351
16	0.039761
17	0.044466
18	0.048916
19	0.053776
20	0.058249
21	0.062731
22	0.067426
23	0.071603
24	0.076205
25	0.080788
26	0.085438
27	0.090068
28	0.094261
29	0.098767
30	0.10277
31	0.10715
32	0.11165
33	0.11596
34	0.12061
35	0.12481
36	0.1293
37	0.13371
38	0.13825
39	0.14274
40	0.14678
41	0.15095
42	0.15496
43	0.15956
44	0.16435
45	0.16881
46	0.17328
47	0.17736
48	0.1818
49	0.18597
50	0.19006
51	0.19446
52	0.19846
53	0.20292
54	0.20708
55	0.2113
56	0.2158
57	0.21983
58	0.2242
59	0.22792
60	0.23218
61	0.23638
62	0.24048
63	0.24526
64	0.24935
65	0.25339
66	0.25736
67	0.26154
68	0.26592
69	0.26987
70	0.27418
71	0.27808
72	0.28244
73	0.28678
74	0.29081
75	0.29511
76	0.299
77	0.30322
78	0.30728
79	0.31135
80	0.31596
81	0.31973
82	0.32394
83	0.32787
84	0.33178
85	0.33576
86	0.33985
87	0.34418
88	0.34818
89	0.3523
90	0.35629
91	0.36038
92	0.36525
93	0.36925
94	0.37331
95	0.37731
96	0.38166
97	0.38583
98	0.38985
99	0.39405
100	0.39787
101	0.40194
102	0.40611
103	0.40983
104	0.41417
105	0.41787
106	0.42178
107	0.4257
108	0.42964
109	0.43364
110	0.4374
111	0.44152
112	0.4453
113	0.44885
114	0.45302
115	0.45696
116	0.46104
117	0.46479
118	0.46882
119	0.47285
120	0.47714
121	0.48157
122	0.48527
123	0.48951
124	0.49298
125	0.49717
126	0.5016
127	0.50527
128	0.50956
129	0.51345
130	0.51769
131	0.52181
132	0.52554
133	0.5294
134	0.53294
135	0.53679
136	0.54089
137	0.5446
138	0.54871
139	0.55246
140	0.55667
141	0.56032
142	0.56387
143	0.56766
144	0.57101
145	0.57535
146	0.57885
147	0.58304
148	0.587
149	0.59091
150	0.59534
151	0.5995
152	0.6031
153	0.60678
154	0.61046
155	0.61506
156	0.61914
157	0.62338
158	0.6272
159	0.63136
160	0.63589
161	0.63897
162	0.64387
163	0.64705
164	0.6506
165	0.65512
166	0.65839
167	0.66294
168	0.66666
169	0.6705
170	0.67396
171	0.67772
172	0.68182
173	0.6855
174	0.69015
175	0.69279
176	0.69759
177	0.70064
178	0.70503
179	0.7088
180	0.71242
181	0.71578
182	0.71982
183	0.72309
184	0.72736
185	0.73075
186	0.73533
187	0.73936
188	0.7435
189	0.74703
190	0.75019
191	0.75467
192	0.75884
193	0.76236
194	0.76641
195	0.76999
196	0.77326
197	0.77722
198	0.78171
199	0.78583
200	0.78961
201	0.7932
202	0.79717
203	0.80102
204	0.80392
205	0.80913
206	0.81164
207	0.81752
208	0.82108
209	0.82415
210	0.8283
211	0.83102
212	0.8361
213	0.83863
214	0.84285
215	0.8471
216	0.85028
217	0.85494
218	0.85833
219	0.86242
220	0.86664
221	0.86825
222	0.87417
223	0.87696
224	0.88044
225	0.88501
226	0.88764
227	0.89262
228	0.89574
229	0.89944
230	0.90233
231	0.90638
232	0.91056
233	0.91451
234	0.91996
235	0.92208
236	0.92662
237	0.92975
238	0.93519
239	0.93627
240	0.93893
241	0.94656
242	0.94976
243	0.95176
244	0.95662
245	0.9603
246	0.96354
247	0.96791
248	0.97017
249	0.97476
250	0.97743
251	0.98207
252	0.98512
253	0.98961
254	0.99517
255	0.99994
