0	0.0236
1	0.0286
2	0.0385
3	0.053
4	0.0702
5	0.0927
6	0.1156
7	0.1443
8	0.1761
9	0.2126
10	0.2547
11	0.2941
12	0.3391
13	0.3879
14	0.4435
15	0.5077
16	0.5701
17	0.6376
18	0.7057
19	0.7849
20	0.8623
21	0.9443
22	1.035
23	1.1199
24	1.2181
25	1.3208
26	1.4301
27	1.5441
28	1.6518
29	1.7724
30	1.8837
31	2.0101
32	2.1453
33	2.2794
34	2.4296
35	2.5701
36	2.7257
37	2.8834
38	3.0514
39	3.2233
40	3.3826
41	3.5518
42	3.7187
43	3.9162
44	4.1282
45	4.3315
46	4.5412
47	4.7373
48	4.9568
49	5.1681
50	5.3802
51	5.6138
52	5.8315
53	6.0799
54	6.3175
55	6.5632
56	6.8316
57	7.0776
58	7.3497
59	7.5863
60	7.863
61	8.1413
62	8.4182
63	8.7475
64	9.036
65	9.3257
66	9.6156
67	9.927
68	10.259
69	10.564
70	10.903
71	11.215
72	11.57
73	11.93
74	12.27
75	12.639
76	12.978
77	13.352
78	13.717
79	14.09
80	14.518
81	14.874
82	15.278
83	15.661
84	16.047
85	16.446
86	16.861
87	17.308
88	17.727
89	18.164
90	18.594
91	19.04
92	19.58
93	20.03
94	20.493
95	20.954
96	21.464
97	21.958
98	22.442
99	22.953
100	23.425
101	23.932
102	24.459
103	24.936
104	25.498
105	25.982
106	26.501
107	27.026
108	27.561
109	28.109
110	28.631
111	29.21
112	29.746
113	30.254
114	30.859
115	31.435
116	32.04
117	32.601
118	33.211
119	33.828
120	34.49
121	35.184
122	35.768
123	36.445
124	37.005
125	37.688
126	38.417
127	39.028
128	39.748
129	40.409
130	41.135
131	41.849
132	42.502
133	43.182
134	43.813
135	44.505
136	45.248
137	45.927
138	46.686
139	47.385
140	48.177
141	48.868
142	49.547
143	50.279
144	50.93
145	51.782
146	52.475
147	53.311
148	54.109
149	54.903
150	55.81
151	56.67
152	57.421
153	58.194
154	58.975
155	59.958
156	60.836
157	61.76
158	62.598
159	63.518
160	64.528
161	65.22
162	66.33
163	67.058
164	67.874
165	68.922
166	69.685
167	70.757
168	71.639
169	72.559
170	73.392
171	74.304
172	75.304
173	76.21
174	77.364
175	78.022
176	79.231
177	80.002
178	81.122
179	82.093
180	83.028
181	83.905
182	84.962
183	85.825
184	86.962
185	87.867
186	89.101
187	90.197
188	91.328
189	92.301
190	93.174
191	94.425
192	95.595
193	96.592
194	97.744
195	98.769
196	99.712
197	100.86
198	102.17
199	103.38
200	104.5
201	105.57
202	106.76
203	107.92
204	108.8
205	110.39
206	111.16
207	112.98
208	114.09
209	115.05
210	116.36
211	117.22
212	118.84
213	119.65
214	121.01
215	122.39
216	123.43
217	124.96
218	126.08
219	127.44
220	128.85
221	129.39
222	131.39
223	132.34
224	133.53
225	135.1
226	136.01
227	137.74
228	138.83
229	140.13
230	141.15
231	142.59
232	144.08
233	145.5
234	147.47
235	148.24
236	149.9
237	151.05
238	153.06
239	153.46
240	154.45
241	157.31
242	158.52
243	159.28
244	161.13
245	162.54
246	163.79
247	165.48
248	166.36
249	168.15
250	169.2
251	171.03
252	172.24
253	174.03
254	176.26
255	178.19
