0	0.00083369
1	0.00083369
2	0.00083369
3	0.00083369
4	0.00083369
5	0.0025948
6	0.0081635
7	0.013449
8	0.017922
9	0.017633
10	0.0171
11	0.017295
12	0.017211
13	0.01708
14	0.016665
15	0.015892
16	0.015591
17	0.015207
18	0.015045
19	0.014442
20	0.0142
21	0.013925
22	0.013416
23	0.013407
24	0.012955
25	0.012508
26	0.011979
27	0.011456
28	0.011361
29	0.010941
30	0.011017
31	0.010708
32	0.010261
33	0.010007
34	0.0094016
35	0.0092414
36	0.0087787
37	0.0084014
38	0.0078843
39	0.0074067
40	0.0073781
41	0.0072147
42	0.0072168
43	0.0066154
44	0.0058218
45	0.0053553
46	0.0048721
47	0.0047844
48	0.0043234
49	0.0041335
50	0.0040248
51	0.0036071
52	0.0035818
53	0.0030957
54	0.0029003
55	0.0026563
56	0.0021255
57	0.0020584
58	0.0016563
59	0.0018985
60	0.0015939
61	0.0013509
62	0.0012102
63	0.00039407
64	0.00025372
65	0.00017143
66	0.00015799
67	7.3573e-05
68	0.00049926
69	0.00049755
70	0.00085954
71	0.0008103
72	0.001223
73	0.0016188
74	0.0017043
75	0.0020613
76	0.002005
77	0.0022826
78	0.0023932
79	0.0025287
80	0.0031892
81	0.0030161
82	0.0032883
83	0.0032824
84	0.0032514
85	0.0032952
86	0.0034399
87	0.0038347
88	0.0038997
89	0.0040786
90	0.004136
91	0.0042858
92	0.0052231
93	0.005289
94	0.0054164
95	0.0054738
96	0.0058965
97	0.0061257
98	0.0062182
99	0.006481
100	0.0063756
101	0.0065046
102	0.0067412
103	0.0065376
104	0.0069456
105	0.006707
106	0.0066914
107	0.0066761
108	0.0066902
109	0.0067542
110	0.006587
111	0.0067843
112	0.006633
113	0.006248
114	0.006495
115	0.0064979
116	0.0066538
117	0.0064729
118	0.006577
119	0.0066838
120	0.0070376
121	0.0075474
122	0.0073146
123	0.0076265
124	0.0071713
125	0.0074376
126	0.0079379
127	0.0076841
128	0.0080429
129	0.0080109
130	0.0083195
131	0.0085158
132	0.0083243
133	0.0082519
134	0.0078705
135	0.0077977
136	0.0079702
137	0.0077557
138	0.0079408
139	0.0077667
140	0.008053
141	0.0077695
142	0.0073937
143	0.0072634
144	0.0066863
145	0.0071054
146	0.0066833
147	0.0069483
148	0.0069873
149	0.0069728
150	0.0074747
151	0.0077088
152	0.0073859
153	0.00714
154	0.0069034
155	0.0075802
156	0.0077287
157	0.0080537
158	0.0079514
159	0.0081889
160	0.0087931
161	0.0079482
162	0.0089231
163	0.0081866
164	0.0078114
165	0.0084086
166	0.0077516
167	0.008382
168	0.0081754
169	0.0081007
170	0.0076377
171	0.0074766
172	0.0076477
173	0.0074068
174	0.0081368
175	0.0068493
176	0.0077343
177	0.0068556
178	0.0073241
179	0.00718
180	0.0068714
181	0.0063171
182	0.0064269
183	0.0057752
184	0.0061326
185	0.0055936
186	0.0062518
187	0.0063669
188	0.0065811
189	0.0061937
190	0.0054247
191	0.0059908
192	0.0062351
193	0.0058401
194	0.0059671
195	0.0056244
196	0.0049764
197	0.0050157
198	0.0055819
199	0.0057759
200	0.0056389
201	0.005311
202	0.0053612
203	0.0052865
204	0.0042674
205	0.005555
206	0.0041408
207	0.0061047
208	0.0057458
209	0.0048895
210	0.0051263
211	0.0039202
212	0.0050816
213	0.0036869
214	0.003985
215	0.0043169
216	0.0035828
217	0.0043215
218	0.0037907
219	0.0039627
220	0.0042583
221	0.0019456
222	0.0039451
223	0.0028184
224	0.002381
225	0.0030282
226	0.0017412
227	0.0027987
228	0.0019962
229	0.0017756
230	0.00074428
231	0.00088176
232	0.0011351
233	0.001169
234	0.0026972
235	0.00089523
236	0.0015196
237	0.00073062
238	0.0022498
239	0.00059255
240	0.0018527
241	0.0018553
242	0.0011383
243	0.00077699
244	0.00015919
245	8.1325e-05
246	0.00075485
247	0.00030862
248	0.0019652
249	0.001303
250	0.0025481
251	0.0018296
252	0.0026983
253	0.0021275
254	0.00049038
255	0.00036619
