0	0.00089502
1	0.00089502
2	0.00089502
3	0.00089502
4	0.0070056
5	0.011964
6	0.022034
7	0.033079
8	0.039131
9	0.045403
10	0.058512
11	0.065222
12	0.071935
13	0.078632
14	0.091958
15	0.098222
16	0.10378
17	0.10929
18	0.11481
19	0.12512
20	0.13038
21	0.13547
22	0.14058
23	0.14566
24	0.15075
25	0.15595
26	0.16108
27	0.16638
28	0.17154
29	0.17655
30	0.18166
31	0.18663
32	0.18686
33	0.19178
34	0.19708
35	0.20184
36	0.20676
37	0.21151
38	0.21622
39	0.21638
40	0.22112
41	0.22582
42	0.23076
43	0.23545
44	0.24021
45	0.2404
46	0.24513
47	0.24977
48	0.25424
49	0.25892
50	0.26379
51	0.2639
52	0.26856
53	0.2733
54	0.27804
55	0.28268
56	0.2874
57	0.28757
58	0.29246
59	0.2969
60	0.30166
61	0.30623
62	0.30625
63	0.31071
64	0.31506
65	0.3195
66	0.32399
67	0.32407
68	0.32841
69	0.33273
70	0.33711
71	0.34123
72	0.34154
73	0.34593
74	0.35016
75	0.35457
76	0.35873
77	0.35888
78	0.36312
79	0.36717
80	0.37134
81	0.3715
82	0.3756
83	0.3801
84	0.384
85	0.38807
86	0.38829
87	0.39223
88	0.39634
89	0.40045
90	0.40439
91	0.4044
92	0.40851
93	0.41246
94	0.41642
95	0.42027
96	0.42461
97	0.42485
98	0.4287
99	0.43257
100	0.4366
101	0.44044
102	0.44067
103	0.44448
104	0.44831
105	0.45208
106	0.45585
107	0.45975
108	0.45992
109	0.46361
110	0.46743
111	0.47105
112	0.47488
113	0.4787
114	0.47889
115	0.48255
116	0.48653
117	0.49029
118	0.49414
119	0.49773
120	0.49788
121	0.50159
122	0.50536
123	0.50909
124	0.513
125	0.51665
126	0.52033
127	0.52056
128	0.52407
129	0.52795
130	0.53145
131	0.53551
132	0.53912
133	0.53934
134	0.54297
135	0.5468
136	0.55055
137	0.5543
138	0.55806
139	0.56205
140	0.56586
141	0.56602
142	0.56975
143	0.57349
144	0.57732
145	0.5809
146	0.58471
147	0.58849
148	0.59215
149	0.59597
150	0.59602
151	0.59961
152	0.60335
153	0.60701
154	0.61089
155	0.61469
156	0.61826
157	0.62206
158	0.62581
159	0.62955
160	0.63323
161	0.63708
162	0.64075
163	0.64083
164	0.64461
165	0.6483
166	0.65205
167	0.65578
168	0.65952
169	0.66316
170	0.66697
171	0.67068
172	0.67431
173	0.67802
174	0.68184
175	0.68546
176	0.68908
177	0.69293
178	0.69658
179	0.70038
180	0.70408
181	0.70788
182	0.71154
183	0.71516
184	0.71889
185	0.72268
186	0.72635
187	0.73011
188	0.73387
189	0.73761
190	0.74128
191	0.74497
192	0.74867
193	0.75227
194	0.75604
195	0.75985
196	0.76353
197	0.76694
198	0.76687
199	0.77039
200	0.77396
201	0.7774
202	0.78066
203	0.78737
204	0.79102
205	0.79427
206	0.79781
207	0.80113
208	0.80479
209	0.8081
210	0.81156
211	0.81501
212	0.81843
213	0.8218
214	0.82518
215	0.82878
216	0.83228
217	0.83558
218	0.83927
219	0.84263
220	0.84616
221	0.8497
222	0.85312
223	0.86008
224	0.86345
225	0.86726
226	0.87084
227	0.8741
228	0.87731
229	0.88056
230	0.88374
231	0.8905
232	0.89343
233	0.89705
234	0.90061
235	0.90376
236	0.90746
237	0.91436
238	0.91781
239	0.9215
240	0.92508
241	0.92912
242	0.93258
243	0.93641
244	0.94049
245	0.94815
246	0.95249
247	0.95677
248	0.96114
249	0.96558
250	0.97026
251	0.97964
252	0.98464
253	0.98982
254	0.99516
255	0.99961
