0	0
1	0.00014974
2	0.0003141
3	0.00049347
4	0.00068822
5	0.0008987
6	0.0011253
7	0.0013682
8	0.0016279
9	0.0019047
10	0.0021987
11	0.0025105
12	0.0028402
13	0.0031881
14	0.0035545
15	0.0039396
16	0.0043438
17	0.0047673
18	0.0052104
19	0.0056732
20	0.0061561
21	0.0066593
22	0.007183
23	0.0077274
24	0.0082928
25	0.0088795
26	0.0094875
27	0.010117
28	0.010769
29	0.011442
30	0.012138
31	0.012857
32	0.013598
33	0.014362
34	0.015149
35	0.015959
36	0.016793
37	0.017651
38	0.018532
39	0.019437
40	0.020367
41	0.021321
42	0.0223
43	0.023303
44	0.024331
45	0.025385
46	0.026463
47	0.027568
48	0.028697
49	0.029853
50	0.031034
51	0.032242
52	0.033476
53	0.034736
54	0.036023
55	0.037337
56	0.038678
57	0.040046
58	0.04144
59	0.042863
60	0.044313
61	0.04579
62	0.047296
63	0.048829
64	0.050391
65	0.05198
66	0.053598
67	0.055245
68	0.056921
69	0.058625
70	0.060358
71	0.062121
72	0.063912
73	0.065733
74	0.067584
75	0.069464
76	0.071374
77	0.073314
78	0.075284
79	0.077284
80	0.079315
81	0.081376
82	0.083468
83	0.08559
84	0.087743
85	0.089927
86	0.092143
87	0.094389
88	0.096667
89	0.098976
90	0.10132
91	0.10369
92	0.10609
93	0.10853
94	0.111
95	0.1135
96	0.11603
97	0.1186
98	0.1212
99	0.12383
100	0.12649
101	0.12919
102	0.13192
103	0.13468
104	0.13747
105	0.1403
106	0.14317
107	0.14606
108	0.14899
109	0.15196
110	0.15495
111	0.15799
112	0.16105
113	0.16415
114	0.16729
115	0.17045
116	0.17366
117	0.1769
118	0.18017
119	0.18348
120	0.18682
121	0.1902
122	0.19361
123	0.19706
124	0.20054
125	0.20406
126	0.20762
127	0.21121
128	0.21483
129	0.2185
130	0.2222
131	0.22593
132	0.2297
133	0.23351
134	0.23735
135	0.24123
136	0.24515
137	0.2491
138	0.25309
139	0.25712
140	0.26118
141	0.26528
142	0.26942
143	0.2736
144	0.27781
145	0.28206
146	0.28635
147	0.29068
148	0.29504
149	0.29944
150	0.30388
151	0.30836
152	0.31287
153	0.31743
154	0.32202
155	0.32665
156	0.33132
157	0.33603
158	0.34078
159	0.34556
160	0.35038
161	0.35525
162	0.36015
163	0.36509
164	0.37007
165	0.37509
166	0.38015
167	0.38525
168	0.39039
169	0.39557
170	0.40078
171	0.40604
172	0.41134
173	0.41668
174	0.42206
175	0.42747
176	0.43293
177	0.43843
178	0.44397
179	0.44955
180	0.45517
181	0.46083
182	0.46653
183	0.47227
184	0.47806
185	0.48388
186	0.48975
187	0.49566
188	0.5016
189	0.50759
190	0.51362
191	0.5197
192	0.52581
193	0.53197
194	0.53816
195	0.5444
196	0.55068
197	0.55701
198	0.56337
199	0.56978
200	0.57623
201	0.58272
202	0.58926
203	0.59583
204	0.60245
205	0.60912
206	0.61582
207	0.62257
208	0.62936
209	0.63619
210	0.64307
211	0.64999
212	0.65695
213	0.66396
214	0.67101
215	0.6781
216	0.68524
217	0.69242
218	0.69964
219	0.70691
220	0.71422
221	0.72157
222	0.72897
223	0.73642
224	0.7439
225	0.75144
226	0.75901
227	0.76663
228	0.77429
229	0.782
230	0.78976
231	0.79755
232	0.8054
233	0.81328
234	0.82122
235	0.82919
236	0.83722
237	0.84528
238	0.85339
239	0.86155
240	0.86975
241	0.878
242	0.8863
243	0.89463
244	0.90302
245	0.91145
246	0.91992
247	0.92845
248	0.93701
249	0.94563
250	0.95428
251	0.96299
252	0.97174
253	0.98054
254	0.98938
255	0.99827
