0	0
1	0.00022648
2	0.00042773
3	0.00075225
4	0.0010739
5	0.0012952
6	0.001821
7	0.0025211
8	0.002962
9	0.0034631
10	0.0046614
11	0.0053563
12	0.0061086
13	0.006917
14	0.0087031
15	0.0096262
16	0.010491
17	0.011392
18	0.012338
19	0.014223
20	0.015246
21	0.016275
22	0.017348
23	0.018456
24	0.019603
25	0.02082
26	0.022061
27	0.023389
28	0.024724
29	0.026062
30	0.02747
31	0.028881
32	0.028948
33	0.030385
34	0.031983
35	0.033456
36	0.035022
37	0.036571
38	0.038147
39	0.038201
40	0.039829
41	0.041482
42	0.04326
43	0.044987
44	0.046783
45	0.046858
46	0.048683
47	0.050514
48	0.052317
49	0.054242
50	0.056291
51	0.05634
52	0.058339
53	0.06042
54	0.062542
55	0.064657
56	0.066853
57	0.066934
58	0.069256
59	0.071406
60	0.073751
61	0.076044
62	0.076056
63	0.078338
64	0.080597
65	0.082942
66	0.085356
67	0.085402
68	0.08777
69	0.090166
70	0.092637
71	0.095
72	0.095177
73	0.097729
74	0.10023
75	0.10288
76	0.10541
77	0.1055
78	0.10812
79	0.11065
80	0.1133
81	0.1134
82	0.11604
83	0.11898
84	0.12156
85	0.12429
86	0.12444
87	0.12711
88	0.12995
89	0.13281
90	0.13559
91	0.13559
92	0.13853
93	0.14138
94	0.14428
95	0.14714
96	0.15039
97	0.15056
98	0.15349
99	0.15646
100	0.15958
101	0.1626
102	0.16278
103	0.1658
104	0.16888
105	0.17193
106	0.17502
107	0.17826
108	0.1784
109	0.18149
110	0.18472
111	0.18781
112	0.19111
113	0.19444
114	0.19461
115	0.19784
116	0.20137
117	0.20475
118	0.20824
119	0.21153
120	0.21167
121	0.2151
122	0.21862
123	0.22213
124	0.22585
125	0.22936
126	0.23292
127	0.23315
128	0.23659
129	0.24041
130	0.24389
131	0.24797
132	0.25164
133	0.25186
134	0.25557
135	0.25952
136	0.26342
137	0.26736
138	0.27135
139	0.27561
140	0.27972
141	0.2799
142	0.28396
143	0.28806
144	0.29229
145	0.29629
146	0.30057
147	0.30486
148	0.30904
149	0.31344
150	0.31351
151	0.31768
152	0.32206
153	0.32637
154	0.33099
155	0.33555
156	0.33987
157	0.34449
158	0.3491
159	0.35372
160	0.3583
161	0.36314
162	0.36779
163	0.3679
164	0.37271
165	0.37746
166	0.38231
167	0.38717
168	0.39209
169	0.39691
170	0.40199
171	0.40697
172	0.41188
173	0.41693
174	0.42217
175	0.42717
176	0.43221
177	0.43761
178	0.44275
179	0.44814
180	0.45344
181	0.45891
182	0.46422
183	0.46951
184	0.47499
185	0.4806
186	0.48606
187	0.49171
188	0.49738
189	0.50307
190	0.50869
191	0.51437
192	0.5201
193	0.52571
194	0.53164
195	0.53766
196	0.54352
197	0.54896
198	0.54885
199	0.55453
200	0.5603
201	0.56591
202	0.57124
203	0.58233
204	0.58841
205	0.59385
206	0.59982
207	0.60543
208	0.61168
209	0.61736
210	0.62332
211	0.62929
212	0.63525
213	0.64116
214	0.64712
215	0.65348
216	0.65973
217	0.66564
218	0.67229
219	0.67837
220	0.68479
221	0.69127
222	0.69757
223	0.71047
224	0.71678
225	0.72395
226	0.73071
227	0.73691
228	0.74304
229	0.74929
230	0.75543
231	0.76856
232	0.77429
233	0.7814
234	0.78845
235	0.7947
236	0.8021
237	0.81597
238	0.82297
239	0.83048
240	0.83782
241	0.84613
242	0.8533
243	0.86127
244	0.86981
245	0.88598
246	0.89521
247	0.90439
248	0.91379
249	0.92342
250	0.93363
251	0.95427
252	0.96539
253	0.97697
254	0.98901
255	0.9991
