0	0.1561
1	0.1956
2	0.2307
3	0.2873
4	0.3434
5	0.382
6	0.4737
7	0.5958
8	0.6727
9	0.7601
10	0.9691
11	1.0903
12	1.2215
13	1.3625
14	1.674
15	1.835
16	1.9859
17	2.143
18	2.3079
19	2.6367
20	2.8152
21	2.9947
22	3.1818
23	3.375
24	3.5751
25	3.7873
26	4.0038
27	4.2354
28	4.4683
29	4.7016
30	4.9471
31	5.1933
32	5.205
33	5.4555
34	5.7342
35	5.9911
36	6.2642
37	6.5345
38	6.8093
39	6.8188
40	7.1026
41	7.3909
42	7.7011
43	8.0023
44	8.3155
45	8.3286
46	8.6469
47	8.9663
48	9.2807
49	9.6165
50	9.9739
51	9.9823
52	10.331
53	10.694
54	11.064
55	11.433
56	11.816
57	11.83
58	12.235
59	12.61
60	13.019
61	13.419
62	13.421
63	13.819
64	14.213
65	14.622
66	15.043
67	15.051
68	15.464
69	15.882
70	16.313
71	16.725
72	16.756
73	17.201
74	17.637
75	18.099
76	18.54
77	18.556
78	19.013
79	19.455
80	19.917
81	19.935
82	20.395
83	20.908
84	21.358
85	21.833
86	21.859
87	22.326
88	22.82
89	23.319
90	23.804
91	23.805
92	24.317
93	24.815
94	25.32
95	25.818
96	26.385
97	26.416
98	26.926
99	27.444
100	27.989
101	28.515
102	28.547
103	29.074
104	29.61
105	30.143
106	30.682
107	31.246
108	31.271
109	31.809
110	32.373
111	32.912
112	33.488
113	34.069
114	34.098
115	34.661
116	35.277
117	35.867
118	36.476
119	37.049
120	37.074
121	37.672
122	38.285
123	38.898
124	39.547
125	40.158
126	40.78
127	40.819
128	41.419
129	42.086
130	42.693
131	43.405
132	44.044
133	44.083
134	44.73
135	45.419
136	46.1
137	46.787
138	47.482
139	48.225
140	48.942
141	48.973
142	49.681
143	50.396
144	51.134
145	51.832
146	52.578
147	53.326
148	54.056
149	54.823
150	54.835
151	55.562
152	56.326
153	57.078
154	57.884
155	58.679
156	59.432
157	60.239
158	61.042
159	61.849
160	62.648
161	63.492
162	64.302
163	64.321
164	65.161
165	65.989
166	66.834
167	67.682
168	68.541
169	69.381
170	70.267
171	71.136
172	71.992
173	72.873
174	73.786
175	74.658
176	75.537
177	76.479
178	77.376
179	78.317
180	79.241
181	80.195
182	81.121
183	82.043
184	82.999
185	83.978
186	84.93
187	85.915
188	86.905
189	87.897
190	88.876
191	89.867
192	90.866
193	91.846
194	92.879
195	93.93
196	94.951
197	95.901
198	95.881
199	96.871
200	97.878
201	98.856
202	99.786
203	101.72
204	102.78
205	103.73
206	104.77
207	105.75
208	106.84
209	107.83
210	108.87
211	109.91
212	110.95
213	111.98
214	113.02
215	114.13
216	115.22
217	116.25
218	117.41
219	118.47
220	119.59
221	120.72
222	121.82
223	124.07
224	125.17
225	126.42
226	127.6
227	128.68
228	129.75
229	130.84
230	131.91
231	134.2
232	135.2
233	136.44
234	137.67
235	138.76
236	140.05
237	142.47
238	143.69
239	145
240	146.28
241	147.73
242	148.98
243	150.37
244	151.86
245	154.68
246	156.29
247	157.89
248	159.53
249	161.21
250	162.99
251	166.59
252	168.53
253	170.55
254	172.65
255	174.41
