0	0.00078923
1	0.00078923
2	0.00078923
3	0.00078923
4	0.00078923
5	0.00078923
6	0.00078923
7	0.00078923
8	0.00078923
9	0.00078923
10	0.00078923
11	0.00078923
12	0.00078923
13	0.00078923
14	0.00078923
15	0.00078923
16	0.00078923
17	0.0035712
18	0.0078186
19	0.011914
20	0.01585
21	0.020834
22	0.025167
23	0.029718
24	0.035279
25	0.040239
26	0.0455
27	0.051089
28	0.055375
29	0.060427
30	0.065313
31	0.069752
32	0.074887
33	0.080213
34	0.085927
35	0.090747
36	0.09701
37	0.10255
38	0.10825
39	0.11437
40	0.11996
41	0.12643
42	0.13275
43	0.13807
44	0.14378
45	0.14821
46	0.15316
47	0.1571
48	0.16206
49	0.16645
50	0.17027
51	0.17489
52	0.17896
53	0.18335
54	0.18769
55	0.19199
56	0.1968
57	0.20121
58	0.20584
59	0.21026
60	0.2139
61	0.21717
62	0.22154
63	0.2257
64	0.23003
65	0.23403
66	0.23895
67	0.24283
68	0.2469
69	0.2512
70	0.25541
71	0.2595
72	0.26336
73	0.26763
74	0.27202
75	0.27706
76	0.28143
77	0.28524
78	0.28982
79	0.29437
80	0.29791
81	0.30158
82	0.30622
83	0.31055
84	0.31378
85	0.31788
86	0.32208
87	0.32581
88	0.33008
89	0.33416
90	0.33791
91	0.34158
92	0.34547
93	0.34933
94	0.35375
95	0.35708
96	0.36119
97	0.36527
98	0.3694
99	0.37302
100	0.37668
101	0.38047
102	0.38422
103	0.38855
104	0.39223
105	0.39647
106	0.40045
107	0.40468
108	0.40785
109	0.41223
110	0.41546
111	0.41951
112	0.42284
113	0.42671
114	0.43107
115	0.4344
116	0.43827
117	0.44202
118	0.44611
119	0.45039
120	0.4538
121	0.45757
122	0.46192
123	0.46582
124	0.18935
125	0.47329
126	0.47727
127	0.48101
128	0.48587
129	0.48934
130	0.49277
131	0.49674
132	0.50067
133	0.50456
134	0.50823
135	0.51223
136	0.5162
137	0.52047
138	0.52453
139	0.52855
140	0.5327
141	0.53613
142	0.53868
143	0.54291
144	0.54808
145	0.55205
146	0.55516
147	0.55793
148	0.56294
149	0.56597
150	0.56962
151	0.57497
152	0.57792
153	0.58271
154	0.58729
155	0.59153
156	0.59498
157	0.60092
158	0.60313
159	0.60722
160	0.61244
161	0.61474
162	0.6193
163	0.62227
164	0.62761
165	0.63122
166	0.6355
167	0.63728
168	0.63974
169	0.64502
170	0.65051
171	0.65171
172	0.65463
173	0.65897
174	0.66327
175	0.66896
176	0.67458
177	0.67952
178	0.68491
179	0.6895
180	0.69368
181	0.69832
182	0.70304
183	0.70868
184	0.71153
185	0.71837
186	0.72234
187	0.72489
188	0.73031
189	0.73567
190	0.73839
191	0.74469
192	0.74936
193	0.75213
194	0.75652
195	0.76252
196	0.76641
197	0.77059
198	0.77559
199	0.78003
200	0.78475
201	0.78808
202	0.79211
203	0.7951
204	0.8001
205	0.80487
206	0.8095
207	0.81289
208	0.81558
209	0.82023
210	0.8221
211	0.82621
212	0.8301
213	0.83387
214	0.83896
215	0.84382
216	0.84835
217	0.85211
218	0.85771
219	0.86114
220	0.86583
221	0.86986
222	0.87395
223	0.8781
224	0.88188
225	0.88598
226	0.89024
227	0.89342
228	0.38549
229	0.90138
230	0.90528
231	0.90874
232	0.91217
233	0.91695
234	0.92178
235	0.92574
236	0.92959
237	0.93326
238	0.93757
239	0.94168
240	0.94414
241	0.94871
242	0.95187
243	0.95607
244	0.96064
245	0.96447
246	0.9682
247	0.97411
248	0.97654
249	0.98029
250	0.98223
251	0.98618
252	0.99264
253	0.99669
254	0.99965
255	0.99935
