0	0.00083315
1	0.00083315
2	0.00083315
3	0.00083315
4	0.00083315
5	0.0025776
6	0.0081411
7	0.013422
8	0.018491
9	0.023396
10	0.028173
11	0.032845
12	0.03743
13	0.041944
14	0.046397
15	0.050797
16	0.055154
17	0.056689
18	0.056724
19	0.056883
20	0.057173
21	0.056393
22	0.056242
23	0.055855
24	0.05444
25	0.053611
26	0.052468
27	0.050984
28	0.050791
29	0.049822
30	0.049009
31	0.048634
32	0.047554
33	0.046277
34	0.044605
35	0.043819
36	0.041586
37	0.040072
38	0.038387
39	0.036282
40	0.034694
41	0.032236
42	0.029912
43	0.02859
44	0.026872
45	0.026438
46	0.025466
47	0.025512
48	0.024538
49	0.024121
50	0.024283
51	0.023629
52	0.023538
53	0.023114
54	0.02274
55	0.022411
56	0.021561
57	0.02111
58	0.020439
59	0.019984
60	0.020298
61	0.020982
62	0.020575
63	0.020359
64	0.019989
65	0.019941
66	0.018964
67	0.019036
68	0.018913
69	0.018564
70	0.018297
71	0.018149
72	0.018237
73	0.017908
74	0.017461
75	0.016364
76	0.015936
77	0.016066
78	0.015417
79	0.014816
80	0.015209
81	0.015477
82	0.014773
83	0.014384
84	0.01509
85	0.01492
86	0.014652
87	0.014859
88	0.014524
89	0.014376
90	0.01456
91	0.014822
92	0.014866
93	0.014932
94	0.014447
95	0.015045
96	0.01487
97	0.014722
98	0.01452
99	0.01483
100	0.015102
101	0.015233
102	0.01541
103	0.015017
104	0.015262
105	0.014951
106	0.014891
107	0.014588
108	0.015347
109	0.014899
110	0.015588
111	0.01547
112	0.016066
113	0.016124
114	0.015686
115	0.01628
116	0.016332
117	0.016514
118	0.016346
119	0.015991
120	0.016507
121	0.016657
122	0.016228
123	0.016256
124	0.29665
125	0.016633
126	0.016579
127	0.016762
128	0.015819
129	0.016276
130	0.016764
131	0.016716
132	0.016708
133	0.016739
134	0.01699
135	0.016911
136	0.016872
137	0.016516
138	0.01638
139	0.016283
140	0.016052
141	0.016544
142	0.017912
143	0.01761
144	0.016353
145	0.016308
146	0.017114
147	0.018267
148	0.017184
149	0.018066
150	0.018336
151	0.016915
152	0.017877
153	0.017012
154	0.016349
155	0.016033
156	0.016502
157	0.01448
158	0.016191
159	0.016015
160	0.014721
161	0.016342
162	0.015696
163	0.016643
164	0.015229
165	0.015533
166	0.015176
167	0.017313
168	0.018775
169	0.017411
170	0.015837
171	0.018557
172	0.01956
173	0.019135
174	0.018747
175	0.01698
176	0.015274
177	0.014257
178	0.012788
179	0.012114
180	0.011847
181	0.011126
182	0.010324
183	0.0086083
184	0.0096717
185	0.0067519
186	0.0067006
187	0.0080651
188	0.0065671
189	0.0051209
190	0.0063191
191	0.0039416
192	0.003183
193	0.0043351
194	0.0038554
195	0.0017806
196	0.0018088
197	0.0015419
198	0.00045582
199	6.2588e-05
200	0.00086151
201	0.00027557
202	0.0003936
203	0.00054037
204	0.00054997
205	0.0013977
206	0.0021084
207	0.0015898
208	0.00035834
209	0.0010886
210	0.00095936
211	0.00076468
212	0.00079059
213	0.00093668
214	0.00023519
215	0.001177
216	0.0017997
217	0.0016416
218	0.0033222
219	0.0028334
220	0.0036124
221	0.0037201
222	0.0038941
223	0.0041331
224	0.0039882
225	0.0041783
226	0.0045204
227	0.0037803
228	0.50806
229	0.0039109
230	0.0038983
231	0.0034335
232	0.0029514
233	0.0038146
234	0.0047295
235	0.0047718
236	0.0047084
237	0.0044578
238	0.0048493
239	0.0050506
240	0.0035935
241	0.0042451
242	0.003493
243	0.0037739
244	0.0044306
245	0.0043431
246	0.0041564
247	0.0061522
248	0.004666
249	0.0044965
250	0.0025243
251	0.0025579
252	0.0051017
253	0.005233
254	0.0042814
255	6.2123e-05
