0	0.2127
1	0.2222
2	0.2295
3	0.2377
4	0.247
5	0.2559
6	0.2666
7	0.2768
8	0.2969
9	0.3222
10	0.3523
11	0.3825
12	0.4151
13	0.4496
14	0.5081
15	0.558
16	0.6191
17	0.6786
18	0.7432
19	0.8132
20	0.8987
21	0.985
22	1.091
23	1.1821
24	1.2759
25	1.3913
26	1.5274
27	1.6498
28	1.7728
29	1.9183
30	2.0985
31	2.2766
32	2.4334
33	2.6016
34	2.7971
35	2.9418
36	3.156
37	3.3631
38	3.6005
39	3.7864
40	3.9948
41	4.2123
42	4.4585
43	4.7156
44	5.001
45	5.2004
46	5.4957
47	5.7818
48	6.0454
49	6.3282
50	6.6563
51	6.8897
52	7.2176
53	7.5405
54	7.8685
55	8.1997
56	8.4964
57	8.8377
58	9.2065
59	9.6278
60	10.038
61	10.437
62	10.844
63	11.272
64	11.843
65	12.279
66	12.711
67	13.068
68	13.56
69	14.001
70	14.483
71	14.939
72	15.36
73	15.822
74	16.229
75	16.744
76	17.173
77	17.615
78	18.115
79	18.586
80	19.077
81	19.556
82	20.038
83	20.422
84	20.901
85	21.427
86	21.927
87	22.453
88	22.875
89	23.35
90	23.86
91	24.397
92	24.923
93	25.344
94	25.81
95	26.342
96	26.895
97	27.453
98	28.014
99	28.558
100	29.072
101	29.678
102	30.311
103	30.92
104	31.37
105	31.88
106	32.474
107	33.124
108	33.71
109	34.291
110	34.858
111	35.547
112	36.216
113	36.871
114	37.44
115	38.09
116	38.724
117	39.344
118	40.033
119	40.728
120	41.304
121	41.918
122	42.536
123	43.334
124	44.014
125	44.737
126	45.394
127	46.063
128	46.947
129	47.735
130	48.428
131	49.219
132	49.89
133	50.585
134	51.388
135	52.267
136	53.106
137	53.818
138	54.528
139	55.277
140	56.102
141	56.986
142	57.717
143	58.594
144	59.468
145	60.537
146	61.432
147	62.42
148	63.222
149	64.164
150	65.16
151	66.153
152	67.184
153	68.033
154	68.932
155	70.022
156	71.082
157	72.053
158	72.966
159	73.922
160	74.943
161	76.004
162	76.924
163	78.088
164	79.359
165	80.233
166	81.377
167	82.629
168	83.774
169	84.887
170	85.848
171	86.851
172	88.4
173	89.44
174	90.561
175	91.54
176	92.946
177	94.109
178	95.143
179	96.367
180	97.647
181	98.76
182	99.83
183	101.18
184	102.52
185	103.78
186	104.72
187	105.91
188	107.46
189	108.82
190	110.11
191	110.91
192	112.91
193	114.19
194	115.21
195	116.45
196	118.05
197	119.22
198	120.45
199	121.56
200	123.26
201	124.59
202	125.72
203	127.02
204	128.55
205	129.85
206	130.99
207	132.1
208	133.46
209	135.23
210	136.73
211	137.96
212	139.68
213	141.17
214	142.74
215	144.31
216	146.22
217	147.73
218	148.99
219	150.41
220	152.28
221	154.13
222	155.6
223	156.94
224	158.81
225	160.32
226	161.92
227	163.57
228	165.23
229	166.33
230	167.76
231	169.41
232	171.05
233	173.01
234	173.98
235	175.7
236	177.18
237	179.04
238	180.77
239	181.88
240	183.63
241	185.21
242	186.62
243	188.45
244	190.48
245	191.87
246	193.03
247	194.83
248	197.12
249	199.04
250	200.29
251	201.32
252	202.84
253	204.61
254	206.52
255	207.78
