0	0.0010237
1	0.0010237
2	0.0010237
3	0.0010237
4	0.0010237
5	0.0010237
6	0.0010237
7	0.0010237
8	0.0010237
9	0.0010237
10	0.0010237
11	0.0010237
12	0.004702
13	0.0086753
14	0.014704
15	0.019315
16	0.02446
17	0.029051
18	0.033664
19	0.038306
20	0.043566
21	0.0485
22	0.054138
23	0.058674
24	0.063092
25	0.068225
26	0.073915
27	0.078746
28	0.083364
29	0.08856
30	0.094649
31	0.10034
32	0.10512
33	0.11003
34	0.1155
35	0.11939
36	0.12493
37	0.13007
38	0.13572
39	0.13999
40	0.14463
41	0.14931
42	0.15443
43	0.15959
44	0.16513
45	0.16889
46	0.17429
47	0.17936
48	0.1839
49	0.18864
50	0.19398
51	0.19768
52	0.20276
53	0.20762
54	0.21244
55	0.21718
56	0.22133
57	0.226
58	0.23093
59	0.23642
60	0.24162
61	0.24656
62	0.25149
63	0.25655
64	0.26314
65	0.26804
66	0.27279
67	0.27665
68	0.28186
69	0.28644
70	0.29135
71	0.2959
72	0.30003
73	0.30449
74	0.30836
75	0.31317
76	0.31711
77	0.3211
78	0.32556
79	0.32968
80	0.33392
81	0.338
82	0.34204
83	0.34521
84	0.34913
85	0.35337
86	0.35734
87	0.36146
88	0.36473
89	0.36836
90	0.37222
91	0.37622
92	0.3801
93	0.38316
94	0.38652
95	0.39031
96	0.3942
97	0.39809
98	0.40194
99	0.40564
100	0.40909
101	0.41312
102	0.41727
103	0.42122
104	0.42411
105	0.42736
106	0.4311
107	0.43514
108	0.43875
109	0.4423
110	0.44572
111	0.44984
112	0.45379
113	0.45762
114	0.46091
115	0.46464
116	0.46824
117	0.47172
118	0.47556
119	0.47939
120	0.48254
121	0.48586
122	0.48918
123	0.49342
124	0.497
125	0.50078
126	0.50417
127	0.5076
128	0.51209
129	0.51604
130	0.51949
131	0.52339
132	0.52667
133	0.53004
134	0.5339
135	0.53809
136	0.54205
137	0.54538
138	0.54867
139	0.55212
140	0.55589
141	0.55989
142	0.56317
143	0.56707
144	0.57093
145	0.5756
146	0.57948
147	0.58372
148	0.58713
149	0.59111
150	0.59527
151	0.59939
152	0.60363
153	0.60709
154	0.61072
155	0.6151
156	0.61931
157	0.62314
158	0.62671
159	0.63042
160	0.63436
161	0.63841
162	0.6419
163	0.64628
164	0.65102
165	0.65425
166	0.65845
167	0.66301
168	0.66715
169	0.67113
170	0.67455
171	0.67809
172	0.68352
173	0.68713
174	0.69099
175	0.69435
176	0.69913
177	0.70305
178	0.70651
179	0.71058
180	0.7148
181	0.71845
182	0.72193
183	0.7263
184	0.73059
185	0.73461
186	0.73758
187	0.74132
188	0.74616
189	0.75037
190	0.75434
191	0.75679
192	0.76286
193	0.76671
194	0.76976
195	0.77345
196	0.77818
197	0.78161
198	0.7852
199	0.78842
200	0.79331
201	0.79712
202	0.80033
203	0.80401
204	0.8083
205	0.81193
206	0.8151
207	0.81816
208	0.8219
209	0.82673
210	0.83079
211	0.8341
212	0.83871
213	0.84267
214	0.84681
215	0.85094
216	0.85591
217	0.85982
218	0.86307
219	0.8667
220	0.87146
221	0.87614
222	0.87983
223	0.88317
224	0.88782
225	0.89154
226	0.89547
227	0.89949
228	0.90352
229	0.90617
230	0.90961
231	0.91355
232	0.91744
233	0.92207
234	0.92435
235	0.92837
236	0.93182
237	0.93612
238	0.9401
239	0.94264
240	0.94663
241	0.95021
242	0.9534
243	0.9575
244	0.96204
245	0.96512
246	0.96769
247	0.97165
248	0.97666
249	0.98084
250	0.98354
251	0.98576
252	0.98903
253	0.99282
254	0.99688
255	0.99955
