0	0.0018566
1	0.0018566
2	0.0018566
3	0.0018566
4	0.0018566
5	0.0035951
6	0.0091568
7	0.014435
8	0.019503
9	0.024407
10	0.029182
11	0.033852
12	0.038436
13	0.042948
14	0.0474
15	0.051799
16	0.056154
17	0.060469
18	0.064751
19	0.069003
20	0.073228
21	0.07743
22	0.081611
23	0.085774
24	0.089919
25	0.094049
26	0.098165
27	0.10227
28	0.10636
29	0.11044
30	0.11451
31	0.11858
32	0.12263
33	0.12668
34	0.13072
35	0.13475
36	0.13878
37	0.1428
38	0.14682
39	0.15083
40	0.15484
41	0.15884
42	0.16284
43	0.16683
44	0.17083
45	0.17481
46	0.1788
47	0.18278
48	0.18676
49	0.19074
50	0.19471
51	0.19869
52	0.20266
53	0.20663
54	0.21059
55	0.21456
56	0.21852
57	0.22248
58	0.22644
59	0.2304
60	0.23435
61	0.23831
62	0.24226
63	0.24621
64	0.25016
65	0.25411
66	0.25806
67	0.26201
68	0.26595
69	0.2699
70	0.27384
71	0.27779
72	0.28173
73	0.28567
74	0.28961
75	0.29355
76	0.29749
77	0.30143
78	0.30537
79	0.30931
80	0.31324
81	0.31718
82	0.32112
83	0.32505
84	0.32899
85	0.33292
86	0.33685
87	0.34079
88	0.34472
89	0.34865
90	0.35258
91	0.35651
92	0.36044
93	0.36437
94	0.3683
95	0.37223
96	0.37616
97	0.38009
98	0.38402
99	0.38795
100	0.39188
101	0.3958
102	0.39973
103	0.40366
104	0.40758
105	0.41151
106	0.41544
107	0.41936
108	0.42329
109	0.42721
110	0.43114
111	0.43506
112	0.43899
113	0.44291
114	0.44684
115	0.45076
116	0.45468
117	0.45861
118	0.46253
119	0.46645
120	0.47038
121	0.4743
122	0.47822
123	0.48214
124	0.48607
125	0.48999
126	0.49391
127	0.49783
128	0.50175
129	0.50567
130	0.5096
131	0.51352
132	0.51744
133	0.52136
134	0.52528
135	0.5292
136	0.53312
137	0.53704
138	0.54096
139	0.54488
140	0.5488
141	0.55272
142	0.55664
143	0.56056
144	0.56448
145	0.5684
146	0.57232
147	0.57624
148	0.58016
149	0.58408
150	0.58799
151	0.59191
152	0.59583
153	0.59975
154	0.60367
155	0.60759
156	0.61151
157	0.61542
158	0.61934
159	0.62326
160	0.62718
161	0.6311
162	0.63501
163	0.63893
164	0.64285
165	0.64677
166	0.65069
167	0.6546
168	0.65852
169	0.66244
170	0.66636
171	0.67027
172	0.67419
173	0.67811
174	0.68202
175	0.68594
176	0.68986
177	0.69378
178	0.69769
179	0.70161
180	0.70553
181	0.70944
182	0.71336
183	0.71728
184	0.72119
185	0.72511
186	0.72903
187	0.73294
188	0.73686
189	0.74078
190	0.74469
191	0.74861
192	0.75252
193	0.75644
194	0.76036
195	0.76427
196	0.76819
197	0.7721
198	0.77602
199	0.77994
200	0.78385
201	0.78777
202	0.79168
203	0.7956
204	0.79952
205	0.80343
206	0.80735
207	0.81126
208	0.81518
209	0.81909
210	0.82301
211	0.82693
212	0.83084
213	0.83476
214	0.83867
215	0.84259
216	0.8465
217	0.85042
218	0.85433
219	0.85825
220	0.86216
221	0.86608
222	0.86999
223	0.87391
224	0.87783
225	0.88174
226	0.88566
227	0.88957
228	0.89349
229	0.8974
230	0.90132
231	0.90523
232	0.90915
233	0.91306
234	0.91698
235	0.92089
236	0.92481
237	0.92872
238	0.93264
239	0.93655
240	0.94047
241	0.94438
242	0.94829
243	0.95221
244	0.95612
245	0.96004
246	0.96395
247	0.96787
248	0.97178
249	0.9757
250	0.97961
251	0.98353
252	0.98744
253	0.99136
254	0.99527
255	0.99918
