0	0.1576
1	0.1608
2	0.1639
3	0.1667
4	0.1705
5	0.1754
6	0.1825
7	0.1921
8	0.2045
9	0.22
10	0.2389
11	0.2612
12	0.2876
13	0.3188
14	0.3557
15	0.4
16	0.4394
17	0.4808
18	0.523
19	0.5661
20	0.6108
21	0.6588
22	0.7115
23	0.7701
24	0.8351
25	0.9062
26	0.9826
27	1.0613
28	1.1429
29	1.2246
30	1.3151
31	1.4114
32	1.5178
33	1.6283
34	1.7407
35	1.8576
36	1.9786
37	2.1012
38	2.2302
39	2.3627
40	2.496
41	2.6376
42	2.7901
43	2.947
44	3.114
45	3.284
46	3.4657
47	3.6379
48	3.8427
49	4.0346
50	4.2312
51	4.4296
52	4.6513
53	4.8732
54	5.1232
55	5.3485
56	5.5826
57	5.835
58	6.0795
59	6.3436
60	6.6196
61	6.8854
62	7.1661
63	7.4794
64	7.7484
65	8.1273
66	8.4189
67	8.7649
68	9.119
69	9.426
70	9.8313
71	10.067
72	10.502
73	10.79
74	11.225
75	11.557
76	12.122
77	12.366
78	12.87
79	13.277
80	13.816
81	14.09
82	14.624
83	15.135
84	15.596
85	15.931
86	16.317
87	16.706
88	17.322
89	17.853
90	18.536
91	19.041
92	19.489
93	19.858
94	20.366
95	20.988
96	21.208
97	21.981
98	22.547
99	22.906
100	23.165
101	23.509
102	24.045
103	25.36
104	25.609
105	25.878
106	26.567
107	27.203
108	27.751
109	28.32
110	28.865
111	29.437
112	29.997
113	30.522
114	31.077
115	31.647
116	32.184
117	32.735
118	33.307
119	33.883
120	34.438
121	35.011
122	35.569
123	36.155
124	36.667
125	37.25
126	37.928
127	38.547
128	39.243
129	39.954
130	40.633
131	41.363
132	41.996
133	42.727
134	43.429
135	44.121
136	44.725
137	45.517
138	46.171
139	46.961
140	47.664
141	48.417
142	49.085
143	49.825
144	50.611
145	51.37
146	52.138
147	52.8
148	53.681
149	54.41
150	55.227
151	56.064
152	56.737
153	57.613
154	58.475
155	59.306
156	60.013
157	60.916
158	61.747
159	62.712
160	63.552
161	64.362
162	65.065
163	65.959
164	66.719
165	67.639
166	68.68
167	69.458
168	70.355
169	71.193
170	72.073
171	72.988
172	73.747
173	74.773
174	75.55
175	76.514
176	77.334
177	78.309
178	79.008
179	80.137
180	80.867
181	81.733
182	82.575
183	83.505
184	84.335
185	85.336
186	86.313
187	87.33
188	88.25
189	89.048
190	89.703
191	90.788
192	91.898
193	92.579
194	93.591
195	94.669
196	95.782
197	96.899
198	97.683
199	99.081
200	99.957
201	101.34
202	102.24
203	103.42
204	104.46
205	105.74
206	106.68
207	107.83
208	108.52
209	109.63
210	110.49
211	112.29
212	112.83
213	113.71
214	114.9
215	116.09
216	117.64
217	118.5
218	119.63
219	120.5
220	122.12
221	122.89
222	124.19
223	124.77
224	126.47
225	128.3
226	129.17
227	130.29
228	131.73
229	133.19
230	134.51
231	135.13
232	137.42
233	138.67
234	139.91
235	140.75
236	142.54
237	143.53
238	144.37
239	146.44
240	147.11
241	148.23
242	148.78
243	150.55
244	150.85
245	152.75
246	153.18
247	154.15
248	155.1
249	156.35
250	157.2
251	157.36
252	158.29
253	158.7
254	159.66
255	159.35
