0	0.0009871
1	0.0049048
2	0.0088225
3	0.01274
4	0.016658
5	0.020576
6	0.024493
7	0.028411
8	0.032329
9	0.036246
10	0.040164
11	0.044082
12	0.047999
13	0.051917
14	0.055835
15	0.059753
16	0.06367
17	0.067588
18	0.071506
19	0.075423
20	0.079341
21	0.083259
22	0.087176
23	0.091094
24	0.095012
25	0.09893
26	0.10285
27	0.10676
28	0.11068
29	0.1146
30	0.11852
31	0.12244
32	0.12635
33	0.13027
34	0.13419
35	0.13811
36	0.14202
37	0.14594
38	0.14986
39	0.15378
40	0.1577
41	0.16161
42	0.16553
43	0.16945
44	0.17337
45	0.17728
46	0.1812
47	0.18512
48	0.18904
49	0.19295
50	0.19687
51	0.20079
52	0.20471
53	0.20863
54	0.21254
55	0.21646
56	0.22038
57	0.2243
58	0.22821
59	0.23213
60	0.23605
61	0.23997
62	0.24388
63	0.2478
64	0.25172
65	0.25564
66	0.25956
67	0.26347
68	0.26739
69	0.27131
70	0.27523
71	0.27914
72	0.28306
73	0.28698
74	0.2909
75	0.29481
76	0.29873
77	0.30265
78	0.30657
79	0.31049
80	0.3144
81	0.31832
82	0.32224
83	0.32616
84	0.33007
85	0.33399
86	0.33791
87	0.34183
88	0.34574
89	0.34966
90	0.35358
91	0.3575
92	0.36142
93	0.36533
94	0.36925
95	0.37317
96	0.37709
97	0.381
98	0.38492
99	0.38884
100	0.39276
101	0.39667
102	0.40059
103	0.40451
104	0.40843
105	0.41235
106	0.41626
107	0.42018
108	0.4241
109	0.42802
110	0.43193
111	0.43585
112	0.43977
113	0.44369
114	0.4476
115	0.45152
116	0.45544
117	0.45936
118	0.46328
119	0.46719
120	0.47111
121	0.47503
122	0.47895
123	0.48286
124	0.48678
125	0.4907
126	0.49462
127	0.49853
128	0.50245
129	0.50637
130	0.51029
131	0.51421
132	0.51812
133	0.52204
134	0.52596
135	0.52988
136	0.53379
137	0.53771
138	0.54163
139	0.54555
140	0.54946
141	0.55338
142	0.5573
143	0.56122
144	0.56514
145	0.56905
146	0.57297
147	0.57689
148	0.58081
149	0.58472
150	0.58864
151	0.59256
152	0.59648
153	0.60039
154	0.60431
155	0.60823
156	0.61215
157	0.61607
158	0.61998
159	0.6239
160	0.62782
161	0.63174
162	0.63565
163	0.63957
164	0.64349
165	0.64741
166	0.65132
167	0.65524
168	0.65916
169	0.66308
170	0.667
171	0.67091
172	0.67483
173	0.67875
174	0.68267
175	0.68658
176	0.6905
177	0.69442
178	0.69834
179	0.70225
180	0.70617
181	0.71009
182	0.71401
183	0.71793
184	0.72184
185	0.72576
186	0.72968
187	0.7336
188	0.73751
189	0.74143
190	0.74535
191	0.74927
192	0.75319
193	0.7571
194	0.76102
195	0.76494
196	0.76886
197	0.77277
198	0.77669
199	0.78061
200	0.78453
201	0.78844
202	0.79236
203	0.79628
204	0.8002
205	0.80412
206	0.80803
207	0.81195
208	0.81587
209	0.81979
210	0.8237
211	0.82762
212	0.83154
213	0.83546
214	0.83937
215	0.84329
216	0.84721
217	0.85113
218	0.85505
219	0.85896
220	0.86288
221	0.8668
222	0.87072
223	0.87463
224	0.87855
225	0.88247
226	0.88639
227	0.8903
228	0.89422
229	0.89814
230	0.90206
231	0.90598
232	0.90989
233	0.91381
234	0.91773
235	0.92165
236	0.92556
237	0.92948
238	0.9334
239	0.93732
240	0.94123
241	0.94515
242	0.94907
243	0.95299
244	0.95691
245	0.96082
246	0.96474
247	0.96866
248	0.97258
249	0.97649
250	0.98041
251	0.98433
252	0.98825
253	0.99216
254	0.99608
255	1
