0	0
1	0.0039177
2	0.0078354
3	0.011753
4	0.015671
5	0.019588
6	0.023506
7	0.027424
8	0.031342
9	0.035259
10	0.039177
11	0.043095
12	0.047012
13	0.046345
14	0.044924
15	0.043151
16	0.042499
17	0.042001
18	0.041745
19	0.041682
20	0.041722
21	0.041716
22	0.041572
23	0.041229
24	0.04069
25	0.04001
26	0.039264
27	0.038633
28	0.038073
29	0.037719
30	0.037123
31	0.036457
32	0.035544
33	0.034673
34	0.03393
35	0.033202
36	0.032502
37	0.031921
38	0.03128
39	0.030685
40	0.030219
41	0.029637
42	0.028874
43	0.028138
44	0.027267
45	0.026469
46	0.02551
47	0.024948
48	0.023702
49	0.022932
50	0.022186
51	0.021528
52	0.020477
53	0.019562
54	0.018193
55	0.017477
56	0.016702
57	0.015692
58	0.014956
59	0.013971
60	0.012895
61	0.012119
62	0.011196
63	0.0098424
64	0.0093383
65	0.0071801
66	0.0065357
67	0.0051604
68	0.0037882
69	0.0032174
70	0.0013404
71	0.0019531
72	0.00011034
73	7.2213e-05
74	0.0018998
75	0.0022789
76	0.0055089
77	0.004617
78	0.0068396
79	0.0077776
80	0.010157
81	0.0093849
82	0.011496
83	0.013226
84	0.014309
85	0.01397
86	0.014121
87	0.014248
88	0.016622
89	0.018023
90	0.020811
91	0.021759
92	0.022095
93	0.021637
94	0.022422
95	0.024169
96	0.022231
97	0.025176
98	0.026193
99	0.025368
100	0.023664
101	0.022664
102	0.023243
103	0.030114
104	0.028202
105	0.026438
106	0.027978
107	0.029025
108	0.02933
109	0.029746
110	0.029931
111	0.030271
112	0.030475
113	0.030381
114	0.030464
115	0.030611
116	0.030483
117	0.030417
118	0.030457
119	0.030484
120	0.030331
121	0.030263
122	0.030059
123	0.030004
124	0.029432
125	0.02929
126	0.029721
127	0.029733
128	0.030191
129	0.030696
130	0.030959
131	0.031491
132	0.031394
133	0.031848
134	0.032087
135	0.032228
136	0.031823
137	0.03247
138	0.032286
139	0.032837
140	0.03286
141	0.033125
142	0.032887
143	0.033011
144	0.033347
145	0.033501
146	0.033668
147	0.033243
148	0.033934
149	0.033796
150	0.034079
151	0.034428
152	0.033914
153	0.034391
154	0.034761
155	0.034941
156	0.034483
157	0.03495
158	0.035034
159	0.035724
160	0.035783
161	0.035671
162	0.035034
163	0.035259
164	0.034836
165	0.035119
166	0.035914
167	0.035491
168	0.035575
169	0.035368
170	0.035321
171	0.035397
172	0.034771
173	0.035271
174	0.034676
175	0.034852
176	0.034393
177	0.03456
178	0.033553
179	0.034304
180	0.033385
181	0.033003
182	0.032503
183	0.032337
184	0.031747
185	0.031816
186	0.031764
187	0.031843
188	0.031518
189	0.030698
190	0.029311
191	0.029562
192	0.02988
193	0.028545
194	0.028446
195	0.028569
196	0.028796
197	0.029009
198	0.027974
199	0.029163
200	0.028424
201	0.029492
202	0.028798
203	0.029081
204	0.028842
205	0.029424
206	0.02879
207	0.028866
208	0.027333
209	0.027233
210	0.026258
211	0.028456
212	0.026362
213	0.025405
214	0.02547
215	0.02551
216	0.026713
217	0.02562
218	0.025395
219	0.024306
220	0.025625
221	0.024182
222	0.024422
223	0.022351
224	0.023817
225	0.025648
226	0.024447
227	0.02401
228	0.024542
229	0.025108
230	0.025218
231	0.023185
232	0.026183
233	0.026012
234	0.025792
235	0.024368
236	0.025735
237	0.024724
238	0.023263
239	0.025365
240	0.023385
241	0.022694
242	0.020356
243	0.021499
244	0.018436
245	0.019906
246	0.017202
247	0.016015
248	0.014763
249	0.014337
250	0.012785
251	0.0093115
252	0.0079717
253	0.0051876
254	0.0039177
255	0.00085399
