0	0
1	0.00014973
2	0.00031409
3	0.00049346
4	0.00068821
5	0.00089868
6	0.0011252
7	0.0013682
8	0.0016279
9	0.0019046
10	0.0021987
11	0.0025104
12	0.0028401
13	0.003188
14	0.0035544
15	0.0039395
16	0.0043437
17	0.0047672
18	0.0052102
19	0.0056731
20	0.006156
21	0.0066591
22	0.0071828
23	0.0077272
24	0.0082926
25	0.0088793
26	0.0094873
27	0.010117
28	0.010769
29	0.011442
30	0.012138
31	0.012856
32	0.013598
33	0.014362
34	0.015149
35	0.015959
36	0.016793
37	0.01765
38	0.018532
39	0.019437
40	0.020367
41	0.021321
42	0.022299
43	0.023302
44	0.024331
45	0.025384
46	0.026463
47	0.027567
48	0.028697
49	0.029852
50	0.031034
51	0.032241
52	0.033475
53	0.034736
54	0.036023
55	0.037336
56	0.038677
57	0.040045
58	0.04144
59	0.042862
60	0.044312
61	0.045789
62	0.047295
63	0.048828
64	0.050389
65	0.051979
66	0.053597
67	0.055244
68	0.056919
69	0.058624
70	0.060357
71	0.062119
72	0.063911
73	0.065732
74	0.067582
75	0.069463
76	0.071373
77	0.073312
78	0.075282
79	0.077283
80	0.079313
81	0.081374
82	0.083466
83	0.085588
84	0.087741
85	0.089925
86	0.092141
87	0.094387
88	0.096665
89	0.098974
90	0.10131
91	0.10369
92	0.10609
93	0.10853
94	0.111
95	0.1135
96	0.11603
97	0.1186
98	0.12119
99	0.12382
100	0.12649
101	0.12918
102	0.13191
103	0.13468
104	0.13747
105	0.1403
106	0.14316
107	0.14606
108	0.14899
109	0.15195
110	0.15495
111	0.15798
112	0.16105
113	0.16415
114	0.16728
115	0.17045
116	0.17365
117	0.17689
118	0.18017
119	0.18347
120	0.18682
121	0.19019
122	0.19361
123	0.19705
124	0.20054
125	0.20406
126	0.20761
127	0.2112
128	0.21483
129	0.21849
130	0.22219
131	0.22592
132	0.2297
133	0.2335
134	0.23735
135	0.24123
136	0.24514
137	0.2491
138	0.25309
139	0.25711
140	0.26118
141	0.26528
142	0.26942
143	0.27359
144	0.27781
145	0.28206
146	0.28634
147	0.29067
148	0.29503
149	0.29944
150	0.30387
151	0.30835
152	0.31287
153	0.31742
154	0.32201
155	0.32664
156	0.33131
157	0.33602
158	0.34077
159	0.34555
160	0.35038
161	0.35524
162	0.36014
163	0.36508
164	0.37006
165	0.37508
166	0.38014
167	0.38524
168	0.39038
169	0.39556
170	0.40078
171	0.40603
172	0.41133
173	0.41667
174	0.42205
175	0.42746
176	0.43292
177	0.43842
178	0.44396
179	0.44954
180	0.45516
181	0.46082
182	0.46652
183	0.47226
184	0.47805
185	0.48387
186	0.48974
187	0.49564
188	0.50159
189	0.50758
190	0.51361
191	0.51968
192	0.5258
193	0.53195
194	0.53815
195	0.54439
196	0.55067
197	0.557
198	0.56336
199	0.56977
200	0.57622
201	0.58271
202	0.58924
203	0.59582
204	0.60244
205	0.6091
206	0.61581
207	0.62255
208	0.62935
209	0.63618
210	0.64306
211	0.64998
212	0.65694
213	0.66394
214	0.67099
215	0.67809
216	0.68522
217	0.6924
218	0.69963
219	0.70689
220	0.7142
221	0.72156
222	0.72896
223	0.7364
224	0.74389
225	0.75142
226	0.75899
227	0.76661
228	0.77428
229	0.78199
230	0.78974
231	0.79754
232	0.80538
233	0.81327
234	0.8212
235	0.82917
236	0.8372
237	0.84526
238	0.85338
239	0.86153
240	0.86973
241	0.87798
242	0.88628
243	0.89461
244	0.903
245	0.91143
246	0.9199
247	0.92842
248	0.93699
249	0.9456
250	0.95426
251	0.96297
252	0.97172
253	0.98052
254	0.98936
255	0.99825
