0	0.0017503
1	0.0017503
2	0.0017503
3	0.0017503
4	0.0017503
5	0.0034915
6	0.0090541
7	0.014333
8	0.019402
9	0.024307
10	0.029082
11	0.033753
12	0.038338
13	0.042851
14	0.047303
15	0.051703
16	0.056058
17	0.060374
18	0.064657
19	0.068909
20	0.073135
21	0.077338
22	0.08152
23	0.085682
24	0.089828
25	0.093959
26	0.098075
27	0.10218
28	0.10627
29	0.11035
30	0.11443
31	0.11849
32	0.12254
33	0.12659
34	0.13063
35	0.13467
36	0.1387
37	0.14272
38	0.14674
39	0.15075
40	0.15476
41	0.15876
42	0.16276
43	0.16676
44	0.17075
45	0.17474
46	0.17872
47	0.18271
48	0.18669
49	0.19066
50	0.19464
51	0.19861
52	0.20258
53	0.20655
54	0.21052
55	0.21448
56	0.21845
57	0.22241
58	0.22637
59	0.23033
60	0.23428
61	0.23824
62	0.24219
63	0.24614
64	0.2501
65	0.25405
66	0.258
67	0.26194
68	0.26589
69	0.26984
70	0.27378
71	0.27773
72	0.28167
73	0.28561
74	0.28955
75	0.29349
76	0.29743
77	0.30137
78	0.30531
79	0.30925
80	0.31319
81	0.31712
82	0.32106
83	0.325
84	0.32893
85	0.33287
86	0.3368
87	0.34073
88	0.34467
89	0.3486
90	0.35253
91	0.35646
92	0.36039
93	0.36433
94	0.36826
95	0.37219
96	0.37612
97	0.38005
98	0.38397
99	0.3879
100	0.39183
101	0.39576
102	0.39969
103	0.40361
104	0.40754
105	0.41147
106	0.4154
107	0.41932
108	0.42325
109	0.42717
110	0.4311
111	0.43502
112	0.43895
113	0.44287
114	0.4468
115	0.45072
116	0.45465
117	0.45857
118	0.4625
119	0.46642
120	0.47034
121	0.47427
122	0.47819
123	0.48211
124	0.48604
125	0.48996
126	0.49388
127	0.4978
128	0.50172
129	0.50565
130	0.50957
131	0.51349
132	0.51741
133	0.52133
134	0.52525
135	0.52918
136	0.5331
137	0.53702
138	0.54094
139	0.54486
140	0.54878
141	0.5527
142	0.55662
143	0.56054
144	0.56446
145	0.56838
146	0.5723
147	0.57622
148	0.58014
149	0.58406
150	0.58798
151	0.5919
152	0.59582
153	0.59974
154	0.60366
155	0.60757
156	0.61149
157	0.61541
158	0.61933
159	0.62325
160	0.62717
161	0.63109
162	0.63501
163	0.63892
164	0.64284
165	0.64676
166	0.65068
167	0.6546
168	0.65852
169	0.66243
170	0.66635
171	0.67027
172	0.67419
173	0.67811
174	0.68202
175	0.68594
176	0.68986
177	0.69378
178	0.69769
179	0.70161
180	0.70553
181	0.70945
182	0.71336
183	0.71728
184	0.7212
185	0.72511
186	0.72903
187	0.73295
188	0.73687
189	0.74078
190	0.7447
191	0.74862
192	0.75253
193	0.75645
194	0.76037
195	0.76428
196	0.7682
197	0.77212
198	0.77603
199	0.77995
200	0.78387
201	0.78778
202	0.7917
203	0.79562
204	0.79953
205	0.80345
206	0.80737
207	0.81128
208	0.8152
209	0.81911
210	0.82303
211	0.82695
212	0.83086
213	0.83478
214	0.83869
215	0.84261
216	0.84653
217	0.85044
218	0.85436
219	0.85827
220	0.86219
221	0.86611
222	0.87002
223	0.87394
224	0.87785
225	0.88177
226	0.88569
227	0.8896
228	0.89352
229	0.89743
230	0.90135
231	0.90526
232	0.90918
233	0.91309
234	0.91701
235	0.92093
236	0.92484
237	0.92876
238	0.93267
239	0.93659
240	0.9405
241	0.94442
242	0.94833
243	0.95225
244	0.95616
245	0.96008
246	0.96399
247	0.96791
248	0.97183
249	0.97574
250	0.97966
251	0.98357
252	0.98749
253	0.9914
254	0.99532
255	0.99923
