0	0.00083304
1	0.00083304
2	0.00083304
3	0.00083304
4	0.00083304
5	0.0025742
6	0.0081368
7	0.0080829
8	0.0060925
9	0.0080603
10	0.010044
11	0.011811
12	0.013152
13	0.014605
14	0.015932
15	0.017301
16	0.018732
17	0.019624
18	0.020675
19	0.02167
20	0.022705
21	0.023803
22	0.024634
23	0.02542
24	0.023971
25	0.025954
26	0.026865
27	0.027581
28	0.028269
29	0.030098
30	0.0308
31	0.031543
32	0.032373
33	0.031748
34	0.031245
35	0.030711
36	0.030349
37	0.029691
38	0.029154
39	0.028592
40	0.02817
41	0.027453
42	0.02685
43	0.026238
44	0.025771
45	0.02507
46	0.024491
47	0.023882
48	0.023407
49	0.022741
50	0.022066
51	0.021467
52	0.020979
53	0.020255
54	0.01966
55	0.018988
56	0.018475
57	0.017717
58	0.017097
59	0.016498
60	0.015987
61	0.015301
62	0.01477
63	0.014102
64	0.013688
65	0.012952
66	0.012451
67	0.011887
68	0.011425
69	0.010847
70	0.01018
71	0.0097776
72	0.0091153
73	0.0086245
74	0.0080409
75	0.0076707
76	0.0070992
77	0.0065019
78	0.0061845
79	0.0056007
80	0.0052785
81	0.0045282
82	0.003975
83	0.0036094
84	0.0033541
85	0.0026126
86	0.0023063
87	0.0020387
88	0.001768
89	0.0013039
90	0.0009919
91	0.00066355
92	7.6527e-05
93	0.00012834
94	0.00030673
95	0.00085313
96	0.00075297
97	0.0013443
98	0.0016335
99	0.0016047
100	0.0021698
101	0.0020744
102	0.0023599
103	0.0023031
104	0.0026685
105	0.0026784
106	0.00313
107	0.0027446
108	0.0032073
109	0.003261
110	0.0030643
111	0.003157
112	0.003234
113	0.0028343
114	0.0031232
115	0.0029064
116	0.0031558
117	0.0024907
118	0.0031999
119	0.002538
120	0.0033569
121	0.0019871
122	0.0026896
123	0.0027799
124	0.002188
125	0.0012317
126	0.0010381
127	0.00073847
128	0.0009191
129	0.0018434
130	0.00074714
131	0.0017755
132	0.0027975
133	0.0021071
134	0.0016475
135	0.0028326
136	0.0023588
137	0.002363
138	0.0025225
139	0.0016458
140	0.0010707
141	0.0017056
142	0.0025349
143	0.0028962
144	0.0017196
145	0.00094266
146	0.00268
147	0.0015013
148	0.0030642
149	0.0025638
150	0.0022717
151	0.00067319
152	0.0012198
153	0.0014761
154	0.00064612
155	0.0016509
156	0.00050138
157	1.0711e-05
158	0.00026472
159	0.00053266
160	0.0008173
161	0.0016637
162	0.0010398
163	0.00079074
164	0.0016727
165	0.0026755
166	0.0030296
167	0.0019669
168	0.0021234
169	0.0032481
170	0.0026559
171	0.0039532
172	0.0045913
173	0.0030645
174	0.0040071
175	0.0033406
176	0.0066914
177	0.0045244
178	0.0053055
179	0.0051678
180	0.0060697
181	0.005668
182	0.0076923
183	0.0077528
184	0.0044164
185	0.0058532
186	0.0095166
187	0.0082884
188	0.009041
189	0.0068678
190	0.0069962
191	0.0070279
192	0.007207
193	0.0059677
194	0.0060849
195	0.0061972
196	0.0061283
197	0.0061156
198	0.0058678
199	0.0058511
200	0.005717
201	0.0054682
202	0.0051918
203	0.0049724
204	0.0048647
205	0.0046175
206	0.0040689
207	0.0039071
208	0.0035012
209	0.0029908
210	0.0025383
211	0.0022753
212	0.0019082
213	0.0012298
214	0.00076619
215	0.00028088
216	4.6269e-05
217	0.00060023
218	0.0010982
219	0.0016669
220	0.0019057
221	0.0026389
222	0.0031918
223	0.0038126
224	0.00416
225	0.0043838
226	0.0049899
227	0.0054469
228	0.0059232
229	0.0061597
230	0.0067218
231	0.0069299
232	0.0072289
233	0.0076172
234	0.0076369
235	0.0077934
236	0.0078137
237	0.0060378
238	0.0039191
239	0.0042082
240	0.0037185
241	0.0039188
242	0.0017884
243	0.00032453
244	0.00023351
245	0.00062068
246	0.00093847
247	0.0026736
248	0.0046086
249	0.0042802
250	0.0045502
251	0.0043093
252	0.0027891
253	0.001496
254	0.00046676
255	0.0003655
