0	0.1959
1	0.2098
2	0.2284
3	0.2529
4	0.2819
5	0.3189
6	0.3653
7	0.4183
8	0.486
9	0.5173
10	0.5488
11	0.5834
12	0.6243
13	0.6651
14	0.709
15	0.7538
16	0.7991
17	0.8548
18	0.91
19	0.9683
20	1.028
21	1.0886
22	1.1568
23	1.2285
24	1.354
25	1.4044
26	1.482
27	1.5671
28	1.6558
29	1.7163
30	1.8095
31	1.9045
32	1.9998
33	2.1433
34	2.289
35	2.4417
36	2.5944
37	2.7637
38	2.9349
39	3.1134
40	3.2926
41	3.4904
42	3.6902
43	3.8971
44	4.104
45	4.3287
46	4.5545
47	4.7887
48	5.0228
49	5.2741
50	5.5332
51	5.7953
52	6.058
53	6.3421
54	6.6258
55	6.9219
56	7.2151
57	7.5322
58	7.8477
59	8.1694
60	8.4923
61	8.8357
62	9.1753
63	9.5332
64	9.8788
65	10.258
66	10.626
67	11.007
68	11.387
69	11.785
70	12.199
71	12.597
72	13.027
73	13.449
74	13.888
75	14.314
76	14.768
77	15.233
78	15.677
79	16.157
80	16.617
81	17.132
82	17.634
83	18.123
84	18.607
85	19.156
86	19.662
87	20.171
88	20.688
89	21.237
90	21.775
91	22.323
92	22.913
93	23.461
94	24.013
95	24.623
96	25.152
97	25.785
98	26.384
99	26.945
100	27.6
101	28.166
102	28.796
103	29.382
104	30.04
105	30.651
106	31.339
107	31.902
108	32.608
109	33.256
110	33.87
111	34.539
112	35.213
113	35.813
114	36.538
115	37.183
116	37.917
117	38.496
118	39.328
119	39.92
120	40.79
121	41.263
122	42.128
123	42.887
124	43.523
125	44.094
126	44.818
127	45.528
128	46.34
129	47.31
130	47.881
131	48.891
132	49.912
133	50.586
134	51.314
135	52.399
136	53.139
137	53.989
138	54.881
139	55.552
140	56.295
141	57.316
142	58.392
143	59.372
144	60.005
145	60.735
146	62.062
147	62.711
148	64.021
149	64.846
150	65.728
151	66.296
152	67.397
153	68.436
154	68.886
155	70.456
156	70.906
157	72.042
158	72.984
159	74.214
160	74.889
161	75.701
162	76.911
163	78.031
164	78.853
165	79.647
166	80.624
167	82.001
168	83.05
169	83.834
170	85.109
171	85.855
172	86.794
173	88.366
174	89.232
175	90.576
176	90.743
177	92.547
178	93.485
179	94.706
180	95.62
181	96.938
182	97.519
183	98.709
184	100.97
185	101.75
186	101.83
187	103.46
188	104.47
189	106.43
190	107.66
191	108.93
192	110.16
193	111.87
194	113.14
195	114.42
196	115.77
197	117.11
198	118.54
199	119.9
200	121.31
201	122.77
202	124.25
203	125.72
204	127.16
205	128.66
206	130.28
207	131.77
208	133.36
209	135
210	136.63
211	138.2
212	139.82
213	141.57
214	143.25
215	144.95
216	146.6
217	148.35
218	150.09
219	151.87
220	153.53
221	155.4
222	157.21
223	159.06
224	160.81
225	162.52
226	164.4
227	166.23
228	168.08
229	169.84
230	171.75
231	173.52
232	175.34
233	177.21
234	178.93
235	180.72
236	182.46
237	183.41
238	184.21
239	186.09
240	187.63
241	189.49
242	190.3
243	191.12
244	192.95
245	194.57
246	196.23
247	197.24
248	198.16
249	200.14
250	201.85
251	203.81
252	206.39
253	208.88
254	211.26
255	213.56
