0	0.3738
1	0.40578
2	0.44088
3	0.47919
4	0.52078
5	0.56573
6	0.61411
7	0.66599
8	0.72145
9	0.78055
10	0.84336
11	0.90993
12	0.98033
13	1.0546
14	1.1329
15	1.2151
16	1.3014
17	1.3919
18	1.4865
19	1.5853
20	1.6885
21	1.7959
22	1.9078
23	2.024
24	2.1448
25	2.2701
26	2.3999
27	2.5344
28	2.6735
29	2.8174
30	2.966
31	3.1194
32	3.2777
33	3.4409
34	3.6089
35	3.782
36	3.9601
37	4.1432
38	4.3314
39	4.5248
40	4.7233
41	4.927
42	5.136
43	5.3503
44	5.5699
45	5.7948
46	6.0252
47	6.261
48	6.5023
49	6.749
50	7.0014
51	7.2593
52	7.5228
53	7.7919
54	8.0668
55	8.3473
56	8.6336
57	8.9257
58	9.2236
59	9.5274
60	9.837
61	10.153
62	10.474
63	10.801
64	11.135
65	11.474
66	11.82
67	12.172
68	12.53
69	12.893
70	13.264
71	13.64
72	14.023
73	14.411
74	14.807
75	15.208
76	15.616
77	16.03
78	16.451
79	16.878
80	17.312
81	17.752
82	18.199
83	18.652
84	19.112
85	19.578
86	20.051
87	20.531
88	21.018
89	21.511
90	22.011
91	22.517
92	23.031
93	23.551
94	24.078
95	24.612
96	25.153
97	25.701
98	26.256
99	26.818
100	27.387
101	27.962
102	28.545
103	29.135
104	29.732
105	30.336
106	30.948
107	31.566
108	32.192
109	32.825
110	33.465
111	34.112
112	34.767
113	35.429
114	36.099
115	36.775
116	37.459
117	38.151
118	38.85
119	39.556
120	40.27
121	40.991
122	41.72
123	42.457
124	43.201
125	43.952
126	44.712
127	45.478
128	46.253
129	47.035
130	47.825
131	48.622
132	49.428
133	50.241
134	51.061
135	51.89
136	52.726
137	53.571
138	54.423
139	55.283
140	56.151
141	57.027
142	57.91
143	58.802
144	59.702
145	60.61
146	61.525
147	62.449
148	63.381
149	64.321
150	65.269
151	66.225
152	67.19
153	68.162
154	69.143
155	70.132
156	71.129
157	72.135
158	73.148
159	74.17
160	75.2
161	76.239
162	77.286
163	78.341
164	79.405
165	80.477
166	81.557
167	82.646
168	83.743
169	84.849
170	85.964
171	87.086
172	88.218
173	89.358
174	90.506
175	91.663
176	92.829
177	94.003
178	95.186
179	96.377
180	97.578
181	98.787
182	100
183	101.23
184	102.47
185	103.71
186	104.96
187	106.22
188	107.49
189	108.77
190	110.06
191	111.36
192	112.66
193	113.98
194	115.3
195	116.63
196	117.98
197	119.33
198	120.69
199	122.05
200	123.43
201	124.82
202	126.21
203	127.62
204	129.03
205	130.45
206	131.89
207	133.33
208	134.78
209	136.24
210	137.7
211	139.18
212	140.67
213	142.17
214	143.67
215	145.19
216	146.71
217	148.24
218	149.79
219	151.34
220	152.9
221	154.47
222	156.05
223	157.64
224	159.24
225	160.85
226	162.46
227	164.09
228	165.73
229	167.37
230	169.03
231	170.7
232	172.37
233	174.05
234	175.75
235	177.45
236	179.17
237	180.89
238	182.62
239	184.36
240	186.11
241	187.88
242	189.65
243	191.43
244	193.22
245	195.02
246	196.83
247	198.65
248	200.48
249	202.32
250	204.17
251	206.03
252	207.89
253	209.77
254	211.66
255	213.56
