0	0
1	0.00014152
2	0.00028246
3	0.00052701
4	0.00077839
5	0.0014151
6	0.0020578
7	0.0024215
8	0.0027928
9	0.0046738
10	0.0069887
11	0.0082503
12	0.0098396
13	0.012867
14	0.016227
15	0.01869
16	0.021524
17	0.025483
18	0.029499
19	0.033117
20	0.037322
21	0.04113
22	0.045146
23	0.048157
24	0.052173
25	0.057023
26	0.062005
27	0.066059
28	0.071135
29	0.075303
30	0.080285
31	0.082918
32	0.085646
33	0.08862
34	0.092276
35	0.096159
36	0.099929
37	0.10391
38	0.10743
39	0.11173
40	0.11529
41	0.11897
42	0.12351
43	0.12774
44	0.1334
45	0.13562
46	0.035428
47	0.14393
48	0.14757
49	0.1514
50	0.15623
51	0.16147
52	0.16697
53	0.17051
54	0.013191
55	0.17979
56	0.18332
57	0.18926
58	0.19684
59	0.2029
60	0.21029
61	0.21635
62	0.22374
63	0.23226
64	0.23189
65	0.23833
66	0.24704
67	0.25462
68	0.26219
69	0.27186
70	0.27905
71	0.28417
72	0.29137
73	0.29838
74	0.30652
75	0.31637
76	0.32565
77	0.3355
78	0.33967
79	0.34971
80	0.3588
81	0.36278
82	0.37794
83	0.38703
84	0.39745
85	0.40578
86	0.41809
87	0.42889
88	0.43552
89	0.44594
90	0.45503
91	0.46791
92	0.47966
93	0.48989
94	0.50012
95	0.50883
96	0.51584
97	0.52285
98	0.53668
99	0.54994
100	0.56301
101	0.57248
102	0.58157
103	0.59426
104	0.60582
105	0.61415
106	0.62798
107	0.64238
108	0.65753
109	0.67401
110	0.68538
111	0.69542
112	0.70944
113	0.71967
114	0.73615
115	0.75452
116	0.77081
117	0.78294
118	0.79525
119	0.80832
120	0.8248
121	0.84355
122	0.85473
123	0.87007
124	0.89243
125	0.9127
126	0.92349
127	0.9413
128	0.9396
129	0.96062
130	0.97805
131	0.99983
132	0.20859
133	0.21275
134	0.21806
135	0.21995
136	0.22355
137	0.22488
138	0.22923
139	0.2353
140	0.23757
141	0.2406
142	0.24571
143	0.24969
144	0.25348
145	0.25537
146	0.26182
147	0.26371
148	0.26807
149	0.27299
150	0.27754
151	0.28171
152	0.28379
153	0.28871
154	0.29099
155	0.29781
156	0.30576
157	0.30842
158	0.31448
159	0.31675
160	0.31845
161	0.32527
162	0.32925
163	0.33531
164	0.33929
165	0.34763
166	0.35142
167	0.3571
168	0.36183
169	0.36619
170	0.37131
171	0.37377
172	0.3821
173	0.38589
174	0.39271
175	0.39385
176	0.39745
177	0.40086
178	0.40465
179	0.40673
180	0.41128
181	0.4162
182	0.41791
183	0.42075
184	0.42264
185	0.42984
186	0.43287
187	0.43817
188	0.44177
189	0.4467
190	0.44954
191	0.45219
192	0.45409
193	0.45579
194	0.46394
195	0.46488
196	0.47076
197	0.47606
198	0.48364
199	0.48667
200	0.48894
201	0.4933
202	0.4969
203	0.50258
204	0.50391
205	0.50751
206	0.51376
207	0.51679
208	0.5202
209	0.52721
210	0.52664
211	0.53365
212	0.53611
213	0.54312
214	0.55013
215	0.55278
216	0.56093
217	0.56244
218	0.56737
219	0.57191
220	0.57665
221	0.58252
222	0.58669
223	0.59237
224	0.59616
225	0.59976
226	0.60582
227	0.60961
228	0.61491
229	0.62495
230	0.63064
231	0.6403
232	0.642
233	0.64693
234	0.64882
235	0.65507
236	0.66132
237	0.66663
238	0.67326
239	0.6761
240	0.68368
241	0.68368
242	0.68841
243	0.69883
244	0.70016
245	0.70963
246	0.71171
247	0.72118
248	0.7244
249	0.73028
250	0.73596
251	0.74297
252	0.75054
253	0.75263
254	0.76021
255	0.77138
