0	0.052778
1	0.060689
2	0.069372
3	0.078848
4	0.089136
5	0.10026
6	0.11222
7	0.12506
8	0.13878
9	0.1534
10	0.16893
11	0.1854
12	0.20282
13	0.2212
14	0.24055
15	0.2609
16	0.28226
17	0.30463
18	0.32803
19	0.35249
20	0.378
21	0.40458
22	0.43224
23	0.46101
24	0.49088
25	0.52187
26	0.55399
27	0.58726
28	0.62168
29	0.65726
30	0.69403
31	0.73198
32	0.77113
33	0.81149
34	0.85307
35	0.89588
36	0.93993
37	0.98523
38	1.0318
39	1.0796
40	1.1287
41	1.1791
42	1.2308
43	1.2838
44	1.3382
45	1.3938
46	1.4508
47	1.5091
48	1.5688
49	1.6299
50	1.6923
51	1.7561
52	1.8213
53	1.8879
54	1.9558
55	2.0252
56	2.0961
57	2.1683
58	2.242
59	2.3172
60	2.3938
61	2.4718
62	2.5513
63	2.6323
64	2.7148
65	2.7988
66	2.8843
67	2.9713
68	3.0598
69	3.1498
70	3.2414
71	3.3345
72	3.4292
73	3.5254
74	3.6231
75	3.7225
76	3.8234
77	3.9259
78	4.0299
79	4.1356
80	4.2429
81	4.3518
82	4.4622
83	4.5744
84	4.6881
85	4.8035
86	4.9205
87	5.0392
88	5.1595
89	5.2815
90	5.4052
91	5.5306
92	5.6576
93	5.7863
94	5.9167
95	6.0488
96	6.1826
97	6.3182
98	6.4554
99	6.5944
100	6.7351
101	6.8775
102	7.0217
103	7.1677
104	7.3154
105	7.4648
106	7.616
107	7.769
108	7.9238
109	8.0804
110	8.2388
111	8.3989
112	8.5609
113	8.7246
114	8.8902
115	9.0576
116	9.2269
117	9.3979
118	9.5708
119	9.7456
120	9.9222
121	10.101
122	10.281
123	10.463
124	10.647
125	10.833
126	11.021
127	11.211
128	11.402
129	11.596
130	11.791
131	11.988
132	12.188
133	12.389
134	12.592
135	12.797
136	13.004
137	13.212
138	13.423
139	13.636
140	13.851
141	14.067
142	14.286
143	14.507
144	14.729
145	14.954
146	15.18
147	15.409
148	15.639
149	15.872
150	16.106
151	16.343
152	16.581
153	16.822
154	17.065
155	17.309
156	17.556
157	17.805
158	18.055
159	18.308
160	18.563
161	18.82
162	19.079
163	19.34
164	19.603
165	19.868
166	20.136
167	20.405
168	20.676
169	20.95
170	21.226
171	21.503
172	21.783
173	22.065
174	22.349
175	22.636
176	22.924
177	23.214
178	23.507
179	23.802
180	24.099
181	24.398
182	24.699
183	25.002
184	25.308
185	25.616
186	25.925
187	26.238
188	26.552
189	26.868
190	27.187
191	27.508
192	27.831
193	28.156
194	28.483
195	28.813
196	29.145
197	29.479
198	29.815
199	30.153
200	30.494
201	30.837
202	31.182
203	31.53
204	31.88
205	32.231
206	32.586
207	32.942
208	33.301
209	33.662
210	34.025
211	34.391
212	34.759
213	35.129
214	35.501
215	35.876
216	36.253
217	36.632
218	37.014
219	37.398
220	37.784
221	38.173
222	38.563
223	38.957
224	39.352
225	39.75
226	40.15
227	40.553
228	40.958
229	41.365
230	41.774
231	42.186
232	42.601
233	43.017
234	43.436
235	43.858
236	44.282
237	44.708
238	45.136
239	45.567
240	46.001
241	46.436
242	46.874
243	47.315
244	47.758
245	48.203
246	48.651
247	49.101
248	49.554
249	50.009
250	50.466
251	50.926
252	51.388
253	51.853
254	52.32
255	52.79
